1004109301.000000 243.500000 318.500000 201.500000 201.500000 588.106018
111076519.000000 1027.000000 597.000000 182.000000 182.000000 288.141876
111076519.000000 1117.000000 747.000000 157.000000 157.000000 2296.818359
1139324862.000000 230.500000 200.875000 201.500000 201.500000 3719.700439
1204062305.000000 441.500000 297.500000 171.000000 171.000000 1978.927979
1224897301.000000 81.088542 150.979167 251.911458 309.333333 81.137802
1254885428.000000 437.953125 271.812500 292.000000 292.000000 91.291557
1254885428.000000 1206.000000 562.000000 213.000000 213.000000 24.960264
1295311477.000000 697.000000 517.000000 213.000000 213.000000 1814.607056
1295311477.000000 1538.000000 327.000000 213.000000 213.000000 4794.347168
1361196352.000000 167.000000 227.000000 157.000000 157.000000 269.331451
1361196352.000000 677.000000 187.000000 213.000000 213.000000 482.865906
1372188757.000000 278.500000 273.500000 171.000000 171.000000 320.632355
14424972.000000 187.000000 797.000000 213.000000 213.000000 254.738571
14424972.000000 917.000000 777.000000 249.000000 249.000000 519.245605
14424972.000000 0.000000 0.000000 0.000000 0.000000 0.000000
156474078.000000 217.000000 337.000000 182.000000 182.000000 55.030949
156474078.000000 867.000000 327.000000 182.000000 182.000000 179.894516
1587030290.000000 797.000000 227.000000 213.000000 213.000000 23.372927
1587030290.000000 2195.000000 287.000000 213.000000 213.000000 296.650970
1634816.000000 417.000000 507.000000 182.000000 182.000000 19503.042969
1636651575.000000 533.500000 191.500000 237.500000 237.500000 1043.045288
1648807314.000000 647.000000 447.000000 213.000000 213.000000 8640.961914
1648807314.000000 1287.000000 417.000000 213.000000 213.000000 1311.819092
1648807314.000000 1615.000000 267.000000 118.000000 118.000000 246.815536
170817766.000000 130.000000 305.500000 201.500000 201.500000 1096.542358
170817766.000000 883.500000 293.500000 201.500000 201.500000 125.262550
1709378501.000000 412.093750 202.796875 280.500000 280.500000 384.106415
174692320.000000 397.000000 117.000000 213.000000 213.000000 37.130787
174692320.000000 1237.000000 187.000000 342.000000 342.000000 3793.081543
174692320.000000 1647.000000 707.000000 475.000000 475.000000 544.267029
1814664578.000000 227.000000 357.000000 136.000000 136.000000 1020.794006
1814664578.000000 847.000000 417.000000 118.000000 118.000000 3380.882080
18489332.000000 128.500000 88.500000 106.500000 106.500000 4797.294434
18489332.000000 348.500000 83.500000 106.500000 106.500000 1801.284546
18489332.000000 563.500000 88.500000 106.500000 106.500000 582.959473
18489332.000000 783.500000 73.500000 91.000000 91.000000 6913.764160
18489332.000000 123.500000 393.500000 106.500000 106.500000 4683.296875
18489332.000000 358.500000 393.500000 106.500000 106.500000 98.205269
18489332.000000 518.500000 388.500000 124.500000 124.500000 5978.773926
18489332.000000 763.500000 418.500000 106.500000 106.500000 1198.916870
18489332.000000 138.500000 713.500000 91.000000 91.000000 1625.551514
18489332.000000 348.500000 683.500000 106.500000 106.500000 2066.031982
18489332.000000 538.500000 703.500000 106.500000 106.500000 4899.057129
18489332.000000 748.500000 708.500000 106.500000 106.500000 2900.943359
199759840.000000 363.500000 153.500000 171.000000 171.000000 1582.547485
2030653815.000000 747.000000 517.000000 182.000000 182.000000 2182.362793
2043831280.000000 447.000000 337.000000 213.000000 213.000000 2801.285156
2043831280.000000 1707.000000 867.000000 182.000000 182.000000 605.098694
2043831280.000000 0.000000 0.000000 0.000000 0.000000 0.000000
2118625994.000000 947.000000 937.000000 182.000000 182.000000 1975.972412
2120936774.000000 367.000000 317.000000 249.000000 249.000000 2583.152100
2120936774.000000 833.093750 381.843750 213.000000 213.000000 13.264336
213654866.000000 257.000000 387.000000 213.000000 213.000000 1060.669922
213654866.000000 617.000000 567.000000 157.000000 157.000000 67.877121
213654866.000000 1427.000000 617.000000 136.000000 136.000000 181.412537
213654866.000000 2197.000000 747.000000 157.000000 157.000000 279.759247
2147052512.000000 401.750000 384.000000 331.000000 331.000000 1957.739502
2147052512.000000 916.500000 330.750000 171.000000 171.000000 472.192505
2186255795.000000 537.000000 337.000000 118.000000 118.000000 3907.050293
2186255795.000000 0.000000 0.000000 0.000000 0.000000 0.000000
2233672250.000000 318.500000 388.500000 201.500000 201.500000 9069.374023
2233672250.000000 585.890625 241.921875 201.500000 201.500000 5398.893066
2239710476.000000 537.000000 927.000000 182.000000 182.000000 68.271179
2239710476.000000 1107.000000 557.000000 213.000000 213.000000 683.901306
2239710476.000000 1147.000000 1007.000000 249.000000 249.000000 2838.369385
2239710476.000000 2443.000000 767.000000 403.000000 403.000000 5658.453125
225191079.000000 397.000000 67.000000 213.000000 213.000000 1845.390747
2266416332.000000 233.500000 233.500000 280.500000 280.500000 2384.862061
22699817.000000 257.000000 437.000000 157.000000 157.000000 14625.010742
22699817.000000 0.000000 0.000000 0.000000 0.000000 0.000000
2288136183.000000 747.000000 507.000000 213.000000 213.000000 2002.586670
2312639559.000000 803.000000 917.000000 213.000000 213.000000 11781.059570
2353849.000000 277.000000 557.000000 292.000000 292.000000 83.061104
2353849.000000 977.000000 487.000000 157.000000 157.000000 687.775879
2372995574.000000 258.500000 373.500000 146.000000 146.000000 5481.777344
237815567.000000 977.000000 257.000000 182.000000 182.000000 8677.893555
237815567.000000 247.000000 647.000000 213.000000 213.000000 2908.175537
237815567.000000 1517.000000 857.000000 157.000000 157.000000 12792.073242
237815567.000000 2319.000000 747.000000 157.000000 157.000000 216.604584
237815567.000000 2109.000000 1197.000000 213.000000 213.000000 13407.669922
237815567.000000 1127.000000 1117.000000 182.000000 182.000000 844.721191
237815567.000000 677.000000 1207.000000 182.000000 182.000000 1489.235474
2404040793.000000 167.875000 342.250000 392.000000 392.000000 1399.986206
2417212918.000000 597.000000 707.000000 136.000000 136.000000 521.235901
2417212918.000000 1037.000000 1207.000000 103.000000 103.000000 281.116699
2417212918.000000 1447.000000 857.000000 103.000000 103.000000 247.100296
2417212918.000000 1667.000000 1207.000000 136.000000 136.000000 18.776852
2417212918.000000 2147.000000 947.000000 103.000000 103.000000 543.455261
2437602091.000000 28.750000 178.562500 237.500000 237.500000 2527.301025
2451065225.000000 221.500000 197.500000 171.000000 171.000000 1131.739014
250277765.000000 303.500000 153.500000 171.000000 171.000000 26308.453125
250277765.000000 598.500000 213.500000 146.000000 146.000000 27087.519531
2542662563.000000 0.000000 0.000000 0.000000 0.000000 0.000000
2580479214.000000 297.000000 477.000000 182.000000 182.000000 3087.742188
2580479214.000000 897.000000 447.000000 103.000000 103.000000 159.592758
261068.000000 233.500000 138.500000 106.500000 106.500000 621.497314
261068.000000 413.500000 183.500000 91.000000 91.000000 5419.544922
2653111362.000000 358.500000 128.500000 106.500000 106.500000 424.841156
270814102.000000 947.000000 717.000000 213.000000 213.000000 1149.405273
270814102.000000 317.000000 657.000000 213.000000 213.000000 88.001534
2715171150.000000 347.000000 167.000000 213.000000 213.000000 1660.044800
281972218.000000 647.000000 487.000000 182.000000 182.000000 1989.853760
281972218.000000 960.000000 317.000000 249.000000 249.000000 328.810608
2844520516.000000 113.500000 143.500000 201.500000 201.500000 1158.781006
2863107962.000000 173.500000 223.500000 106.500000 106.500000 153.414246
2863107962.000000 388.500000 158.500000 124.500000 124.500000 3780.614990
2863107962.000000 593.500000 753.500000 146.000000 146.000000 114.610771
2911658494.000000 209.500000 161.500000 201.500000 201.500000 15262.374023
2911658494.000000 401.500000 471.500000 171.000000 171.000000 8880.228516
2939015820.000000 258.500000 178.500000 201.500000 201.500000 23004.232422
3062021448.000000 514.000000 297.000000 249.000000 249.000000 671.355652
3062021448.000000 1357.000000 417.000000 182.000000 182.000000 3060.961670
3089202157.000000 357.000000 837.000000 249.000000 249.000000 1106.474854
3089202157.000000 1057.000000 657.000000 213.000000 213.000000 5180.744629
3089202157.000000 1807.000000 867.000000 213.000000 213.000000 185.176102
310076750.000000 461.500000 317.500000 201.500000 201.500000 2504.658203
3187108438.000000 503.125000 314.375000 201.500000 201.500000 387.762085
3210734866.000000 212.750000 184.531250 136.000000 136.000000 1280.792114
3284354538.000000 587.000000 687.000000 213.000000 213.000000 1477.845703
3284354538.000000 1307.000000 717.000000 182.000000 182.000000 1350.447144
3284354538.000000 2177.000000 567.000000 213.000000 213.000000 2540.834229
3331716292.000000 163.421875 208.734375 201.500000 201.500000 2238.831299
342149506.000000 527.000000 417.000000 182.000000 182.000000 75.546898
342149506.000000 1193.000000 297.000000 249.000000 249.000000 3872.275879
3464901851.000000 728.000000 517.000000 213.000000 213.000000 117.205452
346731834.000000 258.500000 528.500000 201.500000 201.500000 1037.997681
347629355.000000 887.000000 517.000000 249.000000 249.000000 5101.568848
347629355.000000 1177.000000 647.000000 182.000000 182.000000 400.265137
347826333.000000 348.500000 298.500000 201.500000 201.500000 3898.862305
347826333.000000 704.015625 243.140625 280.500000 280.500000 311.900421
3576294411.000000 787.000000 287.000000 213.000000 213.000000 2252.554932
3576294411.000000 1317.000000 407.000000 213.000000 213.000000 4340.485840
364259537.000000 827.000000 467.000000 157.000000 157.000000 3722.228760
364259537.000000 1565.000000 567.000000 182.000000 182.000000 831.856384
3662810723.000000 1027.000000 1057.000000 249.000000 249.000000 72.657738
3662810723.000000 1547.000000 727.000000 342.000000 342.000000 5158.734863
3662810723.000000 2267.000000 1037.000000 342.000000 342.000000 1379.118164
3662810723.000000 3060.000000 667.000000 213.000000 213.000000 93.258339
3684472818.000000 847.000000 237.000000 249.000000 249.000000 16137.315430
3684472818.000000 1065.000000 387.000000 213.000000 213.000000 11273.026367
368987306.000000 747.000000 377.000000 182.000000 182.000000 441.036346
37096733.000000 413.500000 283.500000 201.500000 201.500000 4267.687500
37096733.000000 825.375000 220.375000 237.500000 237.500000 475.728760
3729198156.000000 117.000000 1127.000000 403.000000 403.000000 245.872238
3729198156.000000 407.000000 637.000000 292.000000 292.000000 624.712280
3729198156.000000 687.000000 557.000000 213.000000 213.000000 3812.316406
3729198156.000000 1107.000000 537.000000 213.000000 213.000000 296.345795
3729198156.000000 1067.000000 217.000000 182.000000 182.000000 679.978577
3729198156.000000 2157.000000 1017.000000 403.000000 403.000000 661.187805
3729198156.000000 2654.000000 287.000000 213.000000 213.000000 292.279938
3729198156.000000 2517.000000 237.000000 182.000000 182.000000 163.268066
3796238727.000000 517.000000 367.000000 249.000000 249.000000 4683.290527
3796238727.000000 1007.000000 487.000000 182.000000 182.000000 5362.542480
3796238727.000000 1687.000000 417.000000 342.000000 342.000000 2556.160400
3854178896.000000 331.000000 151.000000 201.500000 201.500000 350.406677
3858593140.000000 188.500000 108.500000 106.500000 106.500000 406.126801
3858593140.000000 458.500000 240.500000 124.500000 124.500000 2867.946777
3873491482.000000 293.500000 231.000000 201.500000 201.500000 5522.958008
3893740955.000000 567.000000 647.000000 182.000000 182.000000 610.750366
3893740955.000000 1543.000000 667.000000 213.000000 213.000000 395.976135
3929640120.000000 212.562500 103.031250 171.000000 171.000000 11122.582031
3944399031.000000 427.000000 707.000000 182.000000 182.000000 793.701782
3944399031.000000 927.000000 317.000000 249.000000 249.000000 4575.978027
3989161.000000 172.750000 251.171875 201.500000 201.500000 808.319580
399829006.000000 221.500000 221.500000 146.000000 146.000000 1089.345581
40014967.000000 195.468750 204.250000 171.000000 171.000000 624.506531
4017305068.000000 438.500000 163.500000 91.000000 91.000000 3554.071045
4022732812.000000 547.000000 957.000000 213.000000 213.000000 6523.773438
4022732812.000000 897.000000 407.000000 213.000000 213.000000 11532.716797
4022732812.000000 1237.000000 1127.000000 292.000000 292.000000 255.420593
4022732812.000000 0.000000 0.000000 0.000000 0.000000 0.000000
406798473.000000 307.000000 377.000000 157.000000 157.000000 8016.457031
406798473.000000 517.000000 407.000000 157.000000 157.000000 8875.208008
406798473.000000 817.000000 427.000000 157.000000 157.000000 15663.029297
4082680322.000000 307.000000 197.000000 136.000000 136.000000 1053.915771
4141887018.000000 518.500000 158.500000 201.500000 201.500000 5526.026855
4174638819.000000 155.218750 146.234375 280.500000 280.500000 1881.486694
4237203680.000000 617.000000 414.000000 249.000000 249.000000 11087.488281
4237203680.000000 857.000000 377.000000 249.000000 249.000000 8628.541992
4250120238.000000 343.500000 263.500000 201.500000 201.500000 219.116943
4253907822.000000 256.000000 212.250000 201.500000 201.500000 278.525482
4285163979.000000 547.000000 767.000000 182.000000 182.000000 447.929230
4285163979.000000 807.000000 777.000000 182.000000 182.000000 13515.536133
4285163979.000000 1137.000000 397.000000 136.000000 136.000000 274.163239
4285163979.000000 1447.000000 487.000000 136.000000 136.000000 1708.146362
4285163979.000000 1187.000000 647.000000 118.000000 118.000000 56.061672
4285163979.000000 1277.000000 837.000000 182.000000 182.000000 6663.888672
4285163979.000000 1597.000000 777.000000 182.000000 182.000000 1666.166748
4285163979.000000 2017.000000 467.000000 157.000000 157.000000 104.412994
4285163979.000000 2237.000000 507.000000 182.000000 182.000000 773.009827
4285163979.000000 1917.000000 517.000000 136.000000 136.000000 158.593765
432269399.000000 231.000000 106.000000 280.500000 280.500000 306.240143
4332978153.000000 221.406250 167.781250 392.000000 392.000000 8831.169922
4337161543.000000 273.500000 113.500000 124.500000 124.500000 6953.104492
4351876664.000000 155.500000 412.000000 237.500000 237.500000 2969.422852
435926861.000000 78.500000 143.500000 106.500000 106.500000 309.326935
435926861.000000 573.500000 216.500000 124.500000 124.500000 301.388275
437595409.000000 337.000000 267.000000 182.000000 182.000000 10514.590820
442651885.000000 497.500000 263.500000 201.500000 201.500000 922.482483
4470478982.000000 2067.000000 537.000000 213.000000 213.000000 139.609055
4471110141.000000 138.500000 283.500000 237.500000 237.500000 6129.811035
4471110141.000000 446.312500 702.250000 201.500000 201.500000 4484.769043
447910249.000000 436.468750 272.406250 201.500000 201.500000 2059.108398
448291547.000000 435.000000 499.000000 157.000000 157.000000 69.531273
448291547.000000 947.000000 427.000000 182.000000 182.000000 3045.835205
448291547.000000 1635.000000 467.000000 136.000000 136.000000 73.422440
4492032921.000000 375.187500 165.875000 201.500000 201.500000 6216.476562
45092961.000000 637.000000 467.000000 136.000000 136.000000 2487.321777
45092961.000000 947.000000 517.000000 118.000000 118.000000 1791.107056
4512714865.000000 327.484375 180.531250 201.500000 201.500000 5180.437012
4520272436.000000 485.687500 204.437500 201.500000 201.500000 937.120239
4553922208.000000 1279.312500 477.187500 403.000000 403.000000 1339.046753
4553922208.000000 1787.000000 517.000000 342.000000 342.000000 38424.847656
4553922208.000000 17.000000 737.000000 182.000000 182.000000 240.440399
4555082379.000000 617.000000 297.000000 213.000000 213.000000 2642.653076
4560029166.000000 258.500000 138.500000 124.500000 124.500000 1274.797363
4584451140.000000 547.000000 147.000000 213.000000 213.000000 1356.588013
4584451140.000000 1297.000000 587.000000 182.000000 182.000000 290.364899
4683040401.000000 357.000000 727.000000 213.000000 213.000000 9020.517578
4683040401.000000 913.000000 607.000000 213.000000 213.000000 8337.466797
4739664721.000000 387.250000 232.562500 237.500000 237.500000 1019.852051
4758145781.000000 517.000000 317.000000 249.000000 249.000000 10697.361328
4758145781.000000 1307.000000 397.000000 249.000000 249.000000 13849.900391
4758145781.000000 2284.000000 107.000000 213.000000 249.000000 3286.103027
47618649.000000 217.000000 247.000000 182.000000 182.000000 42.177940
47618649.000000 617.000000 117.000000 118.000000 118.000000 131.975739
4774338842.000000 577.000000 537.000000 213.000000 213.000000 277.459473
4774338842.000000 1427.000000 507.000000 182.000000 182.000000 5188.997070
4801259916.000000 363.812500 245.312500 201.500000 201.500000 1574.947998
4821642.000000 306.000000 193.500000 237.500000 237.500000 14431.939453
4856974482.000000 1067.000000 617.000000 249.000000 249.000000 340.227936
4856974482.000000 777.000000 527.000000 157.000000 157.000000 704.584290
4856974482.000000 537.000000 707.000000 182.000000 182.000000 95.613747
4856974482.000000 7.000000 147.000000 118.000000 118.000000 263.781219
4856974482.000000 1127.000000 97.000000 118.000000 118.000000 18.144220
4856974482.000000 1347.000000 487.000000 136.000000 136.000000 237.384552
4856974482.000000 2187.000000 257.000000 103.000000 103.000000 12.434606
4856974482.000000 3569.000000 147.000000 157.000000 157.000000 591.609009
4856974482.000000 0.000000 0.000000 0.000000 0.000000 0.000000
4856974482.000000 2427.000000 1067.000000 213.000000 213.000000 1310.174316
4856974482.000000 0.000000 0.000000 0.000000 0.000000 0.000000
4856974482.000000 1607.000000 1707.000000 182.000000 182.000000 38.338264
4856974482.000000 1037.000000 1999.000000 249.000000 249.000000 1039.466187
4856974482.000000 2867.000000 1767.000000 249.000000 249.000000 4471.232910
4880083461.000000 518.500000 388.500000 201.500000 201.500000 817.082214
4970182488.000000 597.000000 277.000000 213.000000 213.000000 7945.743164
5002723411.000000 587.000000 367.000000 213.000000 213.000000 1671.259644
5002723411.000000 957.000000 467.000000 213.000000 213.000000 5191.826172
5002723411.000000 1577.000000 617.000000 213.000000 213.000000 18195.062500
5007442.000000 57.500000 233.500000 280.500000 280.500000 3458.149658
5007442.000000 713.500000 185.500000 310.500000 331.000000 588.542603
5020454673.000000 144.125000 294.750000 331.000000 331.000000 1321.354004
5065140719.000000 1427.000000 417.000000 182.000000 182.000000 2549.811768
5065140719.000000 257.000000 987.000000 182.000000 182.000000 786.244690
5065140719.000000 1613.000000 1007.000000 213.000000 213.000000 1068.877319
5083671561.000000 397.000000 827.000000 182.000000 182.000000 5840.693848
5083671561.000000 347.000000 1657.000000 182.000000 182.000000 1677.928711
5083671561.000000 1037.000000 467.000000 213.000000 213.000000 1842.031006
5083671561.000000 1647.000000 1707.000000 182.000000 182.000000 3287.243408
5083671561.000000 1837.000000 1507.000000 182.000000 182.000000 2503.842773
5083671561.000000 1815.000000 1167.000000 182.000000 182.000000 2626.140137
5144909700.000000 127.000000 477.000000 213.000000 213.000000 8216.824219
5144909700.000000 427.000000 417.000000 213.000000 213.000000 4922.319824
5144909700.000000 747.000000 467.000000 213.000000 213.000000 4987.803223
5146483815.000000 243.500000 181.000000 201.500000 201.500000 219.504700
5151536225.000000 1055.750000 414.500000 403.000000 403.000000 819.980286
5151536225.000000 177.000000 477.000000 249.000000 249.000000 529.368347
5151536225.000000 1787.000000 567.000000 213.000000 213.000000 111.969780
5188566452.000000 523.500000 358.500000 237.500000 237.500000 18644.156250
5201079592.000000 156.953125 260.968750 171.000000 171.000000 267.126678
5204730083.000000 337.000000 1017.000000 182.000000 182.000000 324.090637
5204730083.000000 777.000000 1017.000000 157.000000 157.000000 38.680660
5204730083.000000 1147.000000 1167.000000 157.000000 157.000000 411.600159
5204730083.000000 1427.000000 1557.000000 213.000000 213.000000 1078.829956
5204730083.000000 1747.000000 1137.000000 157.000000 157.000000 1065.331787
5204730083.000000 2007.000000 997.000000 157.000000 157.000000 246.201111
5204730083.000000 2517.000000 827.000000 249.000000 249.000000 1175.239624
5227275045.000000 512.500000 133.500000 91.000000 91.000000 762.025513
5227275045.000000 468.500000 188.500000 51.500000 51.500000 258.758820
5227275045.000000 323.500000 128.500000 68.000000 68.000000 5431.588867
52381600.000000 0.000000 0.000000 0.000000 0.000000 0.000000
5301057994.000000 717.000000 1008.000000 182.000000 182.000000 1855.917603
539722510.000000 383.500000 248.500000 201.500000 201.500000 11419.259766
5452623.000000 597.000000 307.000000 213.000000 213.000000 2413.575195
56054945.000000 707.000000 477.000000 182.000000 182.000000 7384.255371
59354095.000000 307.000000 277.000000 182.000000 182.000000 29483.886719
59354095.000000 547.000000 287.000000 213.000000 213.000000 19124.617188
59354095.000000 848.000000 307.000000 249.000000 249.000000 9970.847656
642820626.000000 517.000000 357.000000 249.000000 249.000000 9011.104492
658607626.000000 382.468750 324.843750 237.500000 237.500000 1069.307983
79378097.000000 287.000000 857.000000 249.000000 249.000000 5680.062012
79378097.000000 787.000000 877.000000 213.000000 213.000000 85.295326
79378097.000000 1047.000000 407.000000 136.000000 136.000000 1455.367310
79378097.000000 1267.000000 457.000000 136.000000 136.000000 3723.316650
79378097.000000 987.000000 227.000000 136.000000 136.000000 2632.450439
79378097.000000 727.000000 67.000000 118.000000 118.000000 2848.999756
815038.000000 37.000000 427.000000 213.000000 213.000000 527.486023
815038.000000 647.000000 647.000000 182.000000 182.000000 4118.399902
82161078.000000 296.031250 252.812500 280.500000 280.500000 6081.738281
823016568.000000 466.453125 466.453125 249.000000 249.000000 2947.634766
823016568.000000 927.000000 267.000000 249.000000 249.000000 4092.228516
823016568.000000 1062.000000 647.000000 182.000000 182.000000 92.389687
878985234.000000 224.000000 209.593750 237.500000 237.500000 2329.439453
88094323.000000 378.500000 113.500000 201.500000 201.500000 90.442368
899545263.000000 303.500000 183.500000 124.500000 124.500000 159.562851
90800092.000000 307.000000 457.000000 118.000000 118.000000 396.981689
90800092.000000 587.000000 405.000000 118.000000 118.000000 1127.004395
90800092.000000 827.000000 357.000000 136.000000 136.000000 32.254036
90800092.000000 1156.000000 377.000000 136.000000 136.000000 469.361786
91328372.000000 93.500000 198.500000 171.000000 171.000000 579.473938
9545523490.000000 183.500000 148.500000 146.000000 146.000000 4486.699707
9545523490.000000 363.500000 139.500000 171.000000 171.000000 6613.291016
955659370.000000 127.000000 699.000000 182.000000 182.000000 1334.250610
955659370.000000 737.000000 517.000000 292.000000 292.000000 24046.552734
1051618982.000000 507.000000 247.000000 182.000000 182.000000 9639.161133
1051618982.000000 0.000000 0.000000 0.000000 0.000000 0.000000
1130084326.000000 467.000000 517.000000 213.000000 213.000000 1407.444824
1130084326.000000 957.000000 237.000000 182.000000 182.000000 17789.306641
1130084326.000000 1615.000000 537.000000 213.000000 213.000000 1543.965210
120563545.000000 259.750000 259.750000 237.500000 237.500000 333.911346
134212.000000 183.500000 258.500000 146.000000 146.000000 2285.039062
134212.000000 729.500000 201.500000 201.500000 201.500000 3689.467529
1602308.000000 567.000000 237.000000 213.000000 213.000000 4910.767578
16413031.000000 207.250000 162.250000 171.000000 171.000000 7304.635254
2037185414.000000 356.281250 299.468750 213.000000 213.000000 80.600777
2037185414.000000 0.000000 0.000000 0.000000 0.000000 0.000000
2060241469.000000 255.000000 527.000000 213.000000 213.000000 1111.583618
2080551997.000000 288.500000 163.500000 91.000000 91.000000 38.009434
2080551997.000000 568.500000 123.500000 78.500000 78.500000 780.782471
2086996835.000000 327.000000 687.000000 157.000000 157.000000 2922.326172
2086996835.000000 497.000000 707.000000 136.000000 136.000000 3704.244873
2086996835.000000 687.000000 607.000000 136.000000 136.000000 2878.204834
2086996835.000000 867.000000 637.000000 157.000000 157.000000 1754.844116
2086996835.000000 1047.000000 577.000000 157.000000 157.000000 1766.549194
2086996835.000000 1387.000000 547.000000 157.000000 157.000000 4147.815918
2099639490.000000 507.000000 457.000000 182.000000 182.000000 2530.549561
2099639490.000000 807.000000 207.000000 182.000000 182.000000 6110.960449
2122067003.000000 557.000000 207.000000 213.000000 213.000000 2719.592285
2201628776.000000 555.000000 427.000000 182.000000 182.000000 370.390503
2239259.000000 322.687500 279.750000 331.000000 331.000000 2968.377686
2296215131.000000 417.000000 417.000000 182.000000 182.000000 2239.872314
2296215131.000000 617.000000 507.000000 118.000000 118.000000 683.078735
2296215131.000000 1097.000000 577.000000 103.000000 103.000000 1263.121582
2296215131.000000 1797.000000 517.000000 103.000000 103.000000 472.546936
2316734819.000000 368.500000 293.500000 201.500000 201.500000 9723.967773
2329110240.000000 527.000000 377.000000 157.000000 157.000000 213.294403
2329110240.000000 1087.000000 397.000000 136.000000 136.000000 836.647156
2329110240.000000 1597.000000 367.000000 136.000000 136.000000 420.210907
2339510439.000000 527.000000 337.000000 157.000000 157.000000 48.541958
2339510439.000000 967.000000 707.000000 249.000000 249.000000 6754.049805
2339510439.000000 1961.000000 597.000000 249.000000 249.000000 13872.494141
2392075438.000000 217.437500 409.468750 292.000000 292.000000 315.394073
2392075438.000000 987.000000 597.000000 182.000000 182.000000 3099.807617
2392075438.000000 1707.000000 557.000000 213.000000 213.000000 7759.852051
2392075438.000000 1945.000000 417.000000 103.000000 103.000000 68.775154
2392075438.000000 1965.000000 517.000000 342.000000 342.000000 144.582199
2406586388.000000 1667.000000 167.000000 292.000000 292.000000 5182.534668
2406586388.000000 197.000000 697.000000 136.000000 136.000000 2341.694580
2406586388.000000 657.000000 637.000000 157.000000 157.000000 3344.193115
24795717.000000 183.500000 153.500000 146.000000 146.000000 8935.060547
24795717.000000 423.500000 183.500000 146.000000 146.000000 9897.553711
24795717.000000 608.500000 168.500000 124.500000 124.500000 9956.242188
2519293956.000000 637.000000 287.000000 213.000000 213.000000 7035.067871
2519293956.000000 857.000000 327.000000 249.000000 249.000000 20297.652344
253915276.000000 947.000000 387.000000 213.000000 213.000000 4213.495605
255360810.000000 547.000000 257.000000 213.000000 213.000000 266.497345
2751381965.000000 1017.000000 357.000000 213.000000 213.000000 16801.093750
2751381965.000000 1367.000000 247.000000 249.000000 249.000000 6233.356445
2803423910.000000 377.000000 257.000000 249.000000 249.000000 3993.787109
2803423910.000000 617.000000 297.000000 249.000000 249.000000 247.553833
2805422179.000000 423.500000 213.500000 124.500000 124.500000 6217.895508
2805422179.000000 548.500000 183.500000 124.500000 124.500000 2849.189453
2805422179.000000 138.500000 198.500000 91.000000 91.000000 1284.535400
2805422179.000000 792.500000 98.500000 68.000000 68.000000 3286.752930
2805422179.000000 208.500000 58.500000 91.000000 91.000000 149.828354
2805422179.000000 613.500000 13.500000 78.500000 78.500000 105.589706
3020248483.000000 767.000000 607.000000 342.000000 342.000000 920.038269
3020248483.000000 1372.000000 807.000000 249.000000 249.000000 84.387405
3116931144.000000 387.000000 387.000000 182.000000 182.000000 315.318298
3116931144.000000 1647.000000 457.000000 182.000000 182.000000 263.439270
3346359383.000000 347.000000 367.000000 249.000000 249.000000 1689.853149
3346359383.000000 1147.000000 427.000000 213.000000 213.000000 10374.297852
3346359383.000000 2004.000000 427.000000 182.000000 182.000000 4365.045410
3363054468.000000 287.000000 337.000000 136.000000 136.000000 187.015900
3504938758.000000 247.000000 717.000000 182.000000 182.000000 111.472229
3504938758.000000 1007.000000 477.000000 157.000000 157.000000 273.307648
3504938758.000000 1734.000000 357.000000 157.000000 157.000000 357.879456
3532475790.000000 767.000000 457.000000 182.000000 182.000000 15598.960938
3532475790.000000 1117.000000 397.000000 213.000000 213.000000 556.624146
3722549017.000000 0.000000 0.000000 0.000000 0.000000 0.000000
3722549017.000000 1507.000000 567.000000 182.000000 182.000000 369.125153
378492784.000000 274.046875 73.656250 280.500000 280.500000 1165.995605
378492784.000000 553.500000 372.500000 201.500000 201.500000 5240.223633
397921011.000000 367.000000 517.000000 292.000000 292.000000 9411.606445
397921011.000000 637.000000 337.000000 403.000000 403.000000 9625.395508
4009440741.000000 457.000000 237.000000 213.000000 213.000000 12016.383789
4009440741.000000 927.000000 297.000000 213.000000 213.000000 4032.069824
410225851.000000 257.000000 357.000000 136.000000 136.000000 3936.773438
410225851.000000 993.000000 479.000000 157.000000 157.000000 1139.012329
411555970.000000 297.000000 227.000000 157.000000 157.000000 203.016312
411555970.000000 867.000000 187.000000 157.000000 157.000000 557.684387
4145388945.000000 644.187500 479.890625 292.000000 292.000000 1965.219116
4145388945.000000 1017.000000 597.000000 292.000000 292.000000 26780.683594
4145388945.000000 1770.000000 557.000000 213.000000 213.000000 6775.384277
4239974048.000000 217.000000 627.000000 292.000000 292.000000 4780.165527
4239974048.000000 717.000000 457.000000 249.000000 249.000000 2165.504639
4239974048.000000 1197.000000 377.000000 213.000000 213.000000 13218.278320
4239974048.000000 1607.000000 327.000000 213.000000 213.000000 19239.623047
4400753623.000000 107.000000 597.000000 403.000000 403.000000 68.860435
4400753623.000000 547.000000 347.000000 292.000000 292.000000 588.484680
4400753623.000000 1017.000000 377.000000 213.000000 213.000000 482.579926
4400753623.000000 2217.000000 377.000000 213.000000 213.000000 3432.205078
4400753623.000000 2585.000000 527.000000 403.000000 403.000000 116.985603
442743156.000000 1184.000000 417.000000 182.000000 182.000000 1201.305420
442743156.000000 887.000000 407.000000 157.000000 157.000000 52.035912
442743156.000000 407.000000 357.000000 136.000000 136.000000 49.074345
442743156.000000 297.000000 277.000000 136.000000 136.000000 108.979576
4538917191.000000 767.000000 1387.000000 157.000000 157.000000 255.170456
4538917191.000000 647.000000 1947.000000 182.000000 182.000000 262.470184
4538917191.000000 7.000000 417.000000 136.000000 136.000000 427.200684
4538917191.000000 367.000000 617.000000 182.000000 182.000000 78.100800
4538917191.000000 527.000000 297.000000 182.000000 182.000000 123.916733
4538917191.000000 1037.000000 347.000000 136.000000 136.000000 329.325317
4538917191.000000 617.000000 1167.000000 157.000000 157.000000 1769.372803
4538917191.000000 57.000000 1777.000000 182.000000 182.000000 78.959915
4538917191.000000 937.000000 717.000000 157.000000 157.000000 44.588020
4538917191.000000 1217.000000 727.000000 136.000000 136.000000 150.439896
4538917191.000000 1307.000000 1797.000000 182.000000 182.000000 4411.667969
4538917191.000000 1247.000000 1457.000000 182.000000 182.000000 1111.131104
4538917191.000000 1037.000000 1037.000000 213.000000 213.000000 224.713776
4538917191.000000 1547.000000 367.000000 136.000000 136.000000 1429.653320
4538917191.000000 1927.000000 357.000000 136.000000 136.000000 258.357727
4538917191.000000 1647.000000 927.000000 182.000000 182.000000 3760.375244
4538917191.000000 2667.000000 677.000000 136.000000 136.000000 769.024170
4538917191.000000 2747.000000 1087.000000 182.000000 182.000000 2973.507568
4538917191.000000 3007.000000 307.000000 136.000000 136.000000 1057.599121
4538917191.000000 2657.000000 1977.000000 213.000000 213.000000 504.725006
4538917191.000000 3117.000000 737.000000 182.000000 182.000000 6.589464
4538917191.000000 2967.000000 1357.000000 157.000000 157.000000 3106.334229
4538917191.000000 3367.000000 1387.000000 157.000000 157.000000 1097.745239
4538917191.000000 3157.000000 2007.000000 213.000000 213.000000 126.782608
4538917191.000000 1657.000000 677.000000 118.000000 118.000000 12.479950
4538917191.000000 3492.000000 2007.000000 249.000000 243.000000 119.371483
4538917191.000000 3542.000000 957.000000 136.000000 136.000000 62.855251
4538917191.000000 3462.000000 687.000000 157.000000 157.000000 113.160355
4573422380.000000 527.000000 297.000000 213.000000 213.000000 4294.370605
4573422380.000000 1337.000000 427.000000 182.000000 182.000000 274.542480
4906266640.000000 977.000000 777.000000 182.000000 182.000000 2142.370850
4906266640.000000 1857.000000 687.000000 213.000000 213.000000 553.754211
507521047.000000 377.562500 358.359375 201.500000 201.500000 16.328005
507521047.000000 723.218750 281.546875 237.500000 237.500000 560.550293
5082623456.000000 67.000000 117.000000 103.000000 103.000000 557.821289
5082623456.000000 507.000000 127.000000 103.000000 103.000000 1105.966309
5082623456.000000 1007.000000 233.000000 136.000000 136.000000 2079.938477
5106695994.000000 237.000000 527.000000 213.000000 213.000000 10151.956055
5106695994.000000 657.000000 647.000000 182.000000 182.000000 7201.351562
5106695994.000000 1277.000000 527.000000 213.000000 213.000000 5529.092773
5106695994.000000 1537.000000 537.000000 213.000000 213.000000 12380.072266
5106695994.000000 1947.000000 647.000000 182.000000 182.000000 6014.518555
5106695994.000000 2287.000000 557.000000 182.000000 182.000000 2713.157227
5169701116.000000 457.000000 397.000000 182.000000 182.000000 83.325172
5169701116.000000 1397.000000 377.000000 213.000000 213.000000 83.154747
70037463.000000 507.000000 317.000000 182.000000 182.000000 5507.963867
70037463.000000 1017.000000 517.000000 249.000000 249.000000 26292.906250
719902933.000000 327.000000 307.000000 342.000000 342.000000 213.580734
719902933.000000 727.000000 447.000000 213.000000 213.000000 523.816589
719902933.000000 1027.000000 497.000000 157.000000 157.000000 1592.123291
