1004109301 243.500000 318.500000 201.500000 201.500000 588.106018
1004109301 443.500000 233.500000 78.500000 78.500000 26.391205
1004109301 31.000000 181.000000 51.500000 51.500000 11.319806
1004109301 253.500000 273.500000 59.000000 59.000000 7.303515
1004109301 338.500000 143.500000 124.500000 124.500000 4.842971
1051618982 507.000000 247.000000 182.000000 182.000000 9639.161133
1051618982 1137.000000 967.000000 103.000000 103.000000 19.931646
1051618982 1147.000000 407.000000 118.000000 118.000000 16.151175
1051618982 1057.000000 687.000000 118.000000 118.000000 6.851663
1051618982 547.000000 437.000000 136.000000 136.000000 6.589957
1051618982 877.000000 497.000000 118.000000 118.000000 6.433930
1051618982 799.000000 248.000000 182.000000 182.000000 4.702063
1051618982 277.000000 944.000000 249.000000 249.000000 1.768603
1051618982 480.000000 1031.000000 182.000000 182.000000 1.151946
111076519 1117.000000 747.000000 157.000000 157.000000 2296.818359
111076519 1027.000000 597.000000 182.000000 182.000000 288.141876
111076519 1563.312500 1300.593750 182.000000 182.000000 12.631369
111076519 775.156250 887.750000 475.000000 475.000000 7.839187
111076519 1225.531250 812.687500 136.000000 136.000000 7.359227
111076519 99.593750 1563.312500 136.000000 136.000000 3.300421
111076519 1413.187500 887.750000 157.000000 157.000000 2.440586
1130084326 957.000000 237.000000 182.000000 182.000000 17789.306641
1130084326 1615.000000 537.000000 213.000000 213.000000 1543.965210
1130084326 467.000000 517.000000 213.000000 213.000000 1407.444824
1130084326 707.000000 1153.000000 213.000000 213.000000 28.880344
1130084326 1203.000000 563.000000 403.000000 403.000000 10.244816
1130084326 1077.000000 727.000000 136.000000 136.000000 8.834553
1130084326 1685.000000 1053.000000 103.000000 103.000000 6.334059
1130084326 1477.000000 1313.000000 157.000000 157.000000 6.056087
1130084326 367.000000 547.000000 103.000000 103.000000 5.574636
1130084326 1043.000000 339.000000 182.000000 182.000000 4.456474
1139324862 230.500000 200.875000 201.500000 201.500000 3719.700439
1204062305 441.500000 297.500000 171.000000 171.000000 1978.927979
1204062305 318.500000 363.500000 68.000000 68.000000 18.052296
1204062305 183.500000 606.500000 51.500000 51.500000 8.965559
1204062305 897.500000 393.500000 59.000000 59.000000 7.965713
1204062305 737.500000 248.500000 59.000000 59.000000 5.180712
120563545 259.750000 259.750000 237.500000 237.500000 333.911346
120563545 213.500000 874.500000 78.500000 78.500000 24.280359
120563545 598.500000 168.500000 51.500000 51.500000 5.337908
120563545 242.000000 792.250000 78.500000 78.500000 3.699419
120563545 259.750000 739.000000 59.000000 59.000000 2.085164
1224897301 81.088542 150.979167 251.911458 309.333333 81.137802
1224897301 72.333333 119.000000 34.333333 34.333333 5.584788
1254885428 437.953125 271.812500 292.000000 292.000000 91.291557
1254885428 1306.000000 367.000000 136.000000 136.000000 27.505318
1254885428 1206.000000 562.000000 213.000000 213.000000 24.960264
1254885428 1016.000000 357.000000 182.000000 182.000000 16.343344
1254885428 317.000000 337.000000 103.000000 103.000000 5.305285
1254885428 107.000000 327.000000 118.000000 118.000000 4.714606
1254885428 1055.046875 580.359375 136.000000 136.000000 1.464543
1254885428 1126.250000 176.875000 103.000000 103.000000 1.455945
1295311477 1538.000000 327.000000 213.000000 213.000000 4794.347168
1295311477 697.000000 517.000000 213.000000 213.000000 1814.607056
1295311477 857.000000 877.000000 136.000000 136.000000 17.559023
134212 729.500000 201.500000 201.500000 201.500000 3689.467529
134212 183.500000 258.500000 146.000000 146.000000 2285.039062
134212 23.500000 248.500000 51.500000 51.500000 6.504023
1361196352 677.000000 187.000000 213.000000 213.000000 482.865906
1361196352 167.000000 227.000000 157.000000 157.000000 269.331451
1361196352 517.000000 267.000000 136.000000 136.000000 10.476511
1372188757 278.500000 273.500000 171.000000 171.000000 320.632355
1372188757 318.500000 45.500000 146.000000 146.000000 15.508640
1372188757 45.500000 526.500000 91.000000 91.000000 7.119443
1372188757 463.500000 770.500000 68.000000 61.500000 6.406386
1372188757 572.500000 575.500000 51.500000 59.000000 4.879566
1372188757 513.500000 162.500000 51.500000 51.500000 2.379220
1372188757 448.500000 136.500000 68.000000 68.000000 1.244165
1372188757 435.500000 292.500000 59.000000 59.000000 1.197114
14424972 917.000000 777.000000 249.000000 249.000000 519.245605
14424972 187.000000 797.000000 213.000000 213.000000 254.738571
14424972 297.000000 1377.000000 157.000000 157.000000 9.893706
14424972 837.000000 1377.000000 103.000000 103.000000 6.164507
14424972 107.000000 1327.000000 103.000000 103.000000 4.450538
14424972 1047.000000 1443.000000 118.000000 118.000000 3.996952
14424972 636.859375 1526.140625 157.000000 157.000000 3.633258
156474078 867.000000 327.000000 182.000000 182.000000 179.894516
156474078 217.000000 337.000000 182.000000 182.000000 55.030949
156474078 37.000000 557.000000 103.000000 103.000000 6.148983
156474078 667.000000 447.000000 157.000000 157.000000 2.181520
1587030290 2195.000000 287.000000 213.000000 213.000000 296.650970
1587030290 797.000000 227.000000 213.000000 213.000000 23.372927
1587030290 256.937500 1066.750000 475.000000 475.000000 7.890106
1587030290 1413.812500 449.750000 292.000000 292.000000 2.940199
1587030290 411.187500 372.625000 136.000000 136.000000 2.828491
1602308 567.000000 237.000000 213.000000 213.000000 4910.767578
1602308 716.406250 780.765625 182.000000 182.000000 10.808891
1602308 94.265625 780.765625 157.000000 157.000000 1.544979
1634816 417.000000 507.000000 182.000000 182.000000 19503.042969
1634816 217.000000 1247.000000 292.000000 292.000000 61.496452
1634816 1037.000000 1027.000000 118.000000 118.000000 8.403227
1634816 451.312500 669.812500 136.000000 136.000000 5.619965
1634816 157.000000 87.000000 118.000000 118.000000 5.285193
1634816 617.000000 1027.000000 103.000000 103.000000 4.430706
1634816 1134.125000 260.125000 157.000000 157.000000 1.304686
1636651575 533.500000 191.500000 237.500000 237.500000 1043.045288
1636651575 407.500000 587.500000 146.000000 146.000000 22.221632
1636651575 1045.500000 476.500000 51.500000 51.500000 9.627297
1636651575 373.500000 456.500000 91.000000 91.000000 7.705422
1636651575 749.500000 443.500000 106.500000 106.500000 2.564232
16413031 207.250000 162.250000 171.000000 171.000000 7304.635254
16413031 8.500000 473.500000 51.500000 51.500000 6.883519
1648807314 647.000000 447.000000 213.000000 213.000000 8640.961914
1648807314 1287.000000 417.000000 213.000000 213.000000 1311.819092
1648807314 1615.000000 267.000000 118.000000 118.000000 246.815536
1648807314 287.000000 797.000000 103.000000 103.000000 16.130789
1648807314 1395.000000 1267.000000 213.000000 213.000000 11.662397
1648807314 507.000000 567.000000 103.000000 103.000000 8.048414
1648807314 1505.000000 457.000000 103.000000 103.000000 4.780335
1648807314 1735.000000 787.000000 136.000000 136.000000 4.476093
1648807314 403.000000 755.000000 784.000000 781.000000 3.157242
170817766 130.000000 305.500000 201.500000 201.500000 1096.542358
170817766 883.500000 293.500000 201.500000 201.500000 125.262550
170817766 58.500000 685.500000 78.500000 78.500000 41.668911
170817766 941.500000 795.500000 51.500000 36.500000 6.622864
170817766 941.500000 163.500000 59.000000 59.000000 6.508492
170817766 52.000000 773.500000 91.000000 58.500000 5.152402
170817766 130.000000 676.000000 51.500000 51.500000 3.751987
170817766 325.000000 676.000000 146.000000 146.000000 2.469378
170817766 110.500000 734.500000 78.500000 78.500000 2.118716
1709378501 412.093750 202.796875 280.500000 280.500000 384.106415
1709378501 23.500000 603.500000 59.000000 59.000000 6.048887
1709378501 18.500000 418.500000 68.000000 68.000000 5.753290
1709378501 8.500000 318.500000 51.500000 51.500000 5.526640
1709378501 328.375000 328.375000 91.000000 91.000000 4.475367
174692320 1237.000000 187.000000 342.000000 342.000000 3793.081543
174692320 1647.000000 707.000000 475.000000 475.000000 544.267029
174692320 397.000000 117.000000 213.000000 213.000000 37.130787
174692320 47.000000 907.000000 103.000000 103.000000 8.062974
1814664578 847.000000 417.000000 118.000000 118.000000 3380.882080
1814664578 227.000000 357.000000 136.000000 136.000000 1020.794006
1814664578 1107.000000 787.000000 118.000000 118.000000 14.027116
1814664578 817.000000 537.000000 103.000000 103.000000 5.708227
1814664578 1007.000000 607.000000 157.000000 157.000000 5.394809
1814664578 887.000000 627.000000 103.000000 103.000000 1.625686
18489332 783.500000 73.500000 91.000000 91.000000 6913.764160
18489332 518.500000 388.500000 124.500000 124.500000 5978.773926
18489332 538.500000 703.500000 106.500000 106.500000 4899.057129
18489332 128.500000 88.500000 106.500000 106.500000 4797.294434
18489332 123.500000 393.500000 106.500000 106.500000 4683.296875
18489332 748.500000 708.500000 106.500000 106.500000 2900.943359
18489332 348.500000 683.500000 106.500000 106.500000 2066.031982
18489332 348.500000 83.500000 106.500000 106.500000 1801.284546
18489332 138.500000 713.500000 91.000000 91.000000 1625.551514
18489332 763.500000 418.500000 106.500000 106.500000 1198.916870
18489332 563.500000 88.500000 106.500000 106.500000 582.959473
18489332 358.500000 393.500000 106.500000 106.500000 98.205269
18489332 743.500000 268.500000 51.500000 51.500000 8.514349
18489332 213.500000 243.500000 51.500000 51.500000 8.226024
18489332 803.500000 573.500000 51.500000 51.500000 8.027485
18489332 728.500000 508.500000 68.000000 68.000000 5.663767
18489332 508.500000 213.500000 51.500000 51.500000 4.733222
199759840 363.500000 153.500000 171.000000 171.000000 1582.547485
199759840 606.000000 531.000000 51.500000 51.500000 6.077336
199759840 573.500000 248.500000 51.500000 51.500000 5.522372
199759840 168.500000 281.000000 146.000000 146.000000 2.064555
2030653815 747.000000 517.000000 182.000000 182.000000 2182.362793
2030653815 770.000000 687.000000 157.000000 157.000000 6.710848
2030653815 509.046875 732.781250 103.000000 103.000000 1.676702
2037185414 356.281250 299.468750 213.000000 213.000000 80.600777
2037185414 1067.000000 427.000000 213.000000 213.000000 21.703554
2037185414 1322.093750 839.187500 342.000000 342.000000 1.093684
2043831280 447.000000 337.000000 213.000000 213.000000 2801.285156
2043831280 1707.000000 867.000000 182.000000 182.000000 605.098694
2043831280 1597.000000 247.000000 103.000000 103.000000 8.763063
2043831280 1357.000000 1377.000000 182.000000 182.000000 7.373723
2043831280 197.000000 1237.000000 118.000000 118.000000 7.212388
2043831280 77.000000 647.000000 157.000000 157.000000 6.827293
2043831280 1657.000000 357.000000 292.000000 292.000000 6.337049
2043831280 2141.000000 1549.000000 103.000000 103.000000 4.503283
2043831280 836.000000 411.500000 118.000000 118.000000 1.100053
2060241469 255.000000 527.000000 213.000000 213.000000 1111.583618
2060241469 497.000000 977.000000 136.000000 136.000000 22.689856
2060241469 545.140625 255.734375 103.000000 103.000000 4.626577
2060241469 317.750000 400.437500 103.000000 103.000000 4.089412
2060241469 69.687500 751.859375 118.000000 118.000000 3.176095
2060241469 359.093750 90.359375 103.000000 103.000000 3.062569
2060241469 400.437500 193.718750 157.000000 157.000000 2.158496
2060241469 462.453125 90.359375 103.000000 103.000000 2.131295
2080551997 568.500000 123.500000 78.500000 78.500000 780.782471
2080551997 288.500000 163.500000 91.000000 91.000000 38.009434
2080551997 518.500000 56.000000 78.500000 78.500000 14.186852
2080551997 533.500000 238.500000 68.000000 68.000000 8.724448
2080551997 273.500000 68.500000 51.500000 51.500000 8.511129
2080551997 443.500000 293.500000 78.500000 78.500000 4.505167
2080551997 593.500000 481.000000 51.500000 51.000000 4.330442
2080551997 631.000000 18.500000 51.500000 51.500000 1.563924
2080551997 356.000000 318.500000 51.500000 51.500000 1.438879
2086996835 1387.000000 547.000000 157.000000 157.000000 4147.815918
2086996835 497.000000 707.000000 136.000000 136.000000 3704.244873
2086996835 327.000000 687.000000 157.000000 157.000000 2922.326172
2086996835 687.000000 607.000000 136.000000 136.000000 2878.204834
2086996835 1047.000000 577.000000 157.000000 157.000000 1766.549194
2086996835 867.000000 637.000000 157.000000 157.000000 1754.844116
2086996835 1291.000000 976.000000 182.000000 182.000000 23.134123
2086996835 407.000000 1017.000000 103.000000 103.000000 8.555243
2086996835 1559.750000 948.125000 304.250000 403.000000 7.980654
2086996835 220.000000 1035.500000 103.000000 103.000000 3.434250
2086996835 686.000000 1093.750000 157.000000 157.000000 1.045711
2099639490 807.000000 207.000000 182.000000 182.000000 6110.960449
2099639490 507.000000 457.000000 182.000000 182.000000 2530.549561
2099639490 427.000000 734.000000 157.000000 157.000000 6.961668
2118625994 947.000000 937.000000 182.000000 182.000000 1975.972412
2118625994 1287.000000 177.000000 103.000000 103.000000 9.654786
2118625994 560.125000 1870.125000 561.000000 561.000000 4.974389
2118625994 1010.437500 1092.312500 118.000000 118.000000 3.581685
2120936774 367.000000 317.000000 249.000000 249.000000 2583.152100
2120936774 747.000000 867.000000 118.000000 118.000000 91.594505
2120936774 833.093750 381.843750 213.000000 213.000000 13.264336
2120936774 579.265625 776.687500 136.000000 136.000000 8.517067
2120936774 1058.718750 804.890625 118.000000 118.000000 8.422519
2120936774 1137.000000 137.000000 118.000000 118.000000 6.293118
2120936774 497.000000 687.000000 136.000000 136.000000 5.843606
2120936774 1632.000000 387.000000 103.000000 103.000000 4.889585
2120936774 43.406250 692.078125 342.000000 342.000000 4.525074
2120936774 737.000000 467.000000 103.000000 103.000000 4.478465
2120936774 692.078125 804.890625 103.000000 103.000000 1.464750
2120936774 128.015625 43.406250 249.000000 249.000000 1.205084
2120936774 1425.359375 1115.125000 103.000000 84.875000 1.101878
2122067003 557.000000 207.000000 213.000000 213.000000 2719.592285
2122067003 1357.000000 627.000000 118.000000 118.000000 13.137083
2122067003 837.000000 1176.000000 103.000000 103.000000 8.812106
2122067003 321.843750 958.046875 136.000000 136.000000 1.011488
213654866 257.000000 387.000000 213.000000 213.000000 1060.669922
213654866 2197.000000 747.000000 157.000000 157.000000 279.759247
213654866 1427.000000 617.000000 136.000000 136.000000 181.412537
213654866 617.000000 567.000000 157.000000 157.000000 67.877121
213654866 527.000000 1381.000000 157.000000 157.000000 19.766911
213654866 2180.000000 1177.000000 136.000000 136.000000 6.505019
213654866 499.437500 883.765625 249.000000 249.000000 6.227775
213654866 2117.000000 1407.000000 103.000000 103.000000 6.079045
213654866 2160.000000 287.000000 103.000000 103.000000 5.801013
213654866 1225.390625 499.437500 118.000000 118.000000 1.261498
2147052512 401.750000 384.000000 331.000000 331.000000 1957.739502
2147052512 916.500000 330.750000 171.000000 171.000000 472.192505
2147052512 143.500000 498.500000 51.500000 51.500000 16.739874
2147052512 683.500000 43.500000 78.500000 78.500000 5.676119
2147052512 472.750000 330.750000 68.000000 68.000000 2.621340
2186255795 537.000000 337.000000 118.000000 118.000000 3907.050293
2186255795 1177.000000 590.000000 103.000000 103.000000 6.698367
2186255795 1047.000000 477.000000 136.000000 136.000000 5.122479
2186255795 707.000000 367.000000 103.000000 103.000000 2.185356
2201628776 555.000000 427.000000 182.000000 182.000000 370.390503
2201628776 679.343750 563.953125 136.000000 136.000000 7.662367
2201628776 194.703125 171.625000 403.000000 403.000000 6.052513
2201628776 79.312500 1279.375000 136.000000 136.000000 1.619108
2233672250 318.500000 388.500000 201.500000 201.500000 9069.374023
2233672250 585.890625 241.921875 201.500000 201.500000 5398.893066
2233672250 863.500000 183.500000 106.500000 106.500000 25.208120
2233672250 473.500000 203.500000 78.500000 78.500000 19.392406
2233672250 343.500000 767.500000 146.000000 116.500000 7.550649
2233672250 778.500000 632.500000 51.500000 51.500000 6.836554
2233672250 758.500000 738.500000 51.500000 51.500000 5.597003
2233672250 138.500000 538.500000 59.000000 59.000000 5.146552
2233672250 358.500000 608.500000 51.500000 51.500000 4.548760
2233672250 413.906250 643.218750 51.500000 51.500000 2.964159
2239259 322.687500 279.750000 331.000000 331.000000 2968.377686
2239259 3.500000 453.500000 91.000000 91.000000 19.196331
2239259 518.500000 193.500000 51.500000 51.500000 4.642364
2239710476 2443.000000 767.000000 403.000000 403.000000 5658.453125
2239710476 1147.000000 1007.000000 249.000000 249.000000 2838.369385
2239710476 1107.000000 557.000000 213.000000 213.000000 683.901306
2239710476 537.000000 927.000000 182.000000 182.000000 68.271179
2239710476 2523.000000 1784.000000 292.000000 292.000000 66.574371
2239710476 2243.000000 917.000000 157.000000 157.000000 23.631721
2239710476 1937.000000 1527.000000 136.000000 136.000000 6.512106
2239710476 2743.000000 2014.000000 123.000000 136.000000 5.954049
2239710476 1547.000000 147.000000 103.000000 103.000000 5.399705
2239710476 76.562500 658.718750 249.000000 249.000000 4.833910
225191079 397.000000 67.000000 213.000000 213.000000 1845.390747
225191079 847.000000 67.000000 157.000000 157.000000 8.129943
225191079 807.000000 187.000000 157.000000 157.000000 6.908042
225191079 907.000000 727.000000 292.000000 233.000000 2.277820
2266416332 233.500000 233.500000 280.500000 280.500000 2384.862061
2266416332 701.500000 188.500000 66.500000 68.000000 6.565608
2266416332 48.500000 343.500000 51.500000 51.500000 5.931377
2266416332 341.500000 149.500000 51.500000 51.500000 1.465304
22699817 257.000000 437.000000 157.000000 157.000000 14625.010742
22699817 319.234375 530.656250 157.000000 157.000000 93.990646
22699817 1550.000000 792.000000 249.000000 249.000000 24.380911
22699817 1137.000000 957.000000 136.000000 136.000000 9.689373
22699817 967.000000 327.000000 103.000000 103.000000 8.620026
22699817 977.000000 842.000000 118.000000 118.000000 7.917358
22699817 1410.000000 647.000000 118.000000 118.000000 5.545905
22699817 1557.562500 651.468750 157.000000 157.000000 1.129351
2288136183 747.000000 507.000000 213.000000 213.000000 2002.586670
2288136183 227.000000 247.000000 103.000000 103.000000 8.245527
2288136183 1166.000000 227.000000 118.000000 118.000000 7.444810
2288136183 1057.000000 712.000000 103.000000 103.000000 5.329382
2288136183 1147.000000 692.000000 103.000000 103.000000 4.451499
2288136183 544.484375 916.140625 157.000000 157.000000 1.231145
2296215131 417.000000 417.000000 182.000000 182.000000 2239.872314
2296215131 1097.000000 577.000000 103.000000 103.000000 1263.121582
2296215131 617.000000 507.000000 118.000000 118.000000 683.078735
2296215131 1797.000000 517.000000 103.000000 103.000000 472.546936
2296215131 1177.000000 897.000000 103.000000 103.000000 8.588949
2296215131 1067.000000 437.000000 103.000000 103.000000 5.623689
2312639559 803.000000 917.000000 213.000000 213.000000 11781.059570
2312639559 897.000000 1378.000000 136.000000 136.000000 7.800946
2312639559 633.000000 1017.000000 103.000000 103.000000 7.098470
2312639559 1073.000000 1438.000000 118.000000 118.000000 5.218625
2316734819 368.500000 293.500000 201.500000 201.500000 9723.967773
2316734819 588.500000 448.500000 51.500000 51.500000 18.353498
2316734819 193.500000 208.500000 91.000000 91.000000 18.135162
2316734819 841.500000 483.500000 61.500000 91.000000 17.986616
2316734819 586.093750 247.468750 124.500000 124.500000 12.059935
2316734819 158.500000 368.500000 51.500000 51.500000 5.661508
2316734819 418.500000 3.500000 59.000000 59.000000 5.517697
2316734819 786.500000 308.500000 68.000000 68.000000 5.508432
2316734819 663.500000 493.500000 59.000000 59.000000 5.322156
2316734819 741.296875 106.375000 146.000000 146.000000 3.209832
2316734819 459.109375 148.703125 59.000000 59.000000 1.129417
2329110240 1087.000000 397.000000 136.000000 136.000000 836.647156
2329110240 1597.000000 367.000000 136.000000 136.000000 420.210907
2329110240 527.000000 377.000000 157.000000 157.000000 213.294403
2329110240 1427.000000 1606.000000 103.000000 103.000000 6.424001
2329110240 1189.500000 437.937500 118.000000 118.000000 4.976682
2329110240 62.156250 1001.609375 118.000000 118.000000 4.645247
2329110240 1114.343750 513.093750 118.000000 118.000000 4.568691
2329110240 212.468750 1414.968750 662.000000 534.031250 3.523041
2329110240 776.140625 513.093750 118.000000 118.000000 2.647864
2329110240 588.250000 475.515625 157.000000 157.000000 2.124003
2329110240 1414.968750 851.296875 342.000000 342.000000 1.914857
2339510439 1961.000000 597.000000 249.000000 249.000000 13872.494141
2339510439 967.000000 707.000000 249.000000 249.000000 6754.049805
2339510439 527.000000 337.000000 157.000000 157.000000 48.541958
2339510439 2271.000000 1207.000000 136.000000 136.000000 28.867517
2339510439 1207.000000 1527.000000 136.000000 136.000000 6.298205
2339510439 957.000000 97.000000 118.000000 118.000000 5.557671
2339510439 2161.000000 1323.000000 157.000000 157.000000 5.520839
2339510439 2251.000000 887.000000 118.000000 118.000000 5.163677
2339510439 1682.750000 552.250000 249.000000 249.000000 1.871023
2339510439 1884.625000 1117.500000 249.000000 249.000000 1.824130
2353849 977.000000 487.000000 157.000000 157.000000 687.775879
2353849 277.000000 557.000000 292.000000 292.000000 83.061104
2353849 417.000000 1227.000000 249.000000 249.000000 24.066496
2353849 797.000000 917.000000 136.000000 136.000000 7.894853
2353849 587.000000 87.000000 136.000000 136.000000 3.382820
2372995574 258.500000 373.500000 146.000000 146.000000 5481.777344
2372995574 248.500000 713.500000 51.500000 51.500000 38.022030
2372995574 333.500000 768.500000 91.000000 91.000000 27.475183
2372995574 318.500000 603.500000 68.000000 68.000000 24.496878
2372995574 190.375000 809.125000 146.000000 90.875000 11.272738
2372995574 387.250000 612.250000 106.500000 106.500000 11.105886
2372995574 274.750000 612.250000 51.500000 51.500000 3.988291
237815567 2109.000000 1197.000000 213.000000 213.000000 13407.669922
237815567 1517.000000 857.000000 157.000000 157.000000 12792.073242
237815567 977.000000 257.000000 182.000000 182.000000 8677.893555
237815567 247.000000 647.000000 213.000000 213.000000 2908.175537
237815567 677.000000 1207.000000 182.000000 182.000000 1489.235474
237815567 1127.000000 1117.000000 182.000000 182.000000 844.721191
237815567 2319.000000 747.000000 157.000000 157.000000 216.604584
237815567 327.000000 1681.000000 118.000000 118.000000 24.017210
237815567 1566.500000 959.000000 157.000000 157.000000 8.859425
237815567 68.000000 878.000000 475.000000 475.000000 8.325643
237815567 1040.000000 392.000000 157.000000 157.000000 5.929328
237815567 1647.500000 878.000000 136.000000 136.000000 5.292453
237815567 807.000000 667.000000 103.000000 103.000000 4.416955
237815567 837.500000 1283.000000 118.000000 118.000000 2.548935
237815567 756.500000 1364.000000 118.000000 118.000000 2.418289
237815567 2295.500000 1242.500000 157.000000 157.000000 1.574287
237815567 1202.000000 1242.500000 157.000000 157.000000 1.045285
2392075438 1707.000000 557.000000 213.000000 213.000000 7759.852051
2392075438 987.000000 597.000000 182.000000 182.000000 3099.807617
2392075438 217.437500 409.468750 292.000000 292.000000 315.394073
2392075438 1607.000000 407.000000 103.000000 103.000000 163.339905
2392075438 1965.000000 517.000000 342.000000 342.000000 144.582199
2392075438 1945.000000 417.000000 103.000000 103.000000 68.775154
2392075438 657.000000 1027.000000 118.000000 118.000000 8.612370
2392075438 1037.000000 1137.000000 136.000000 136.000000 5.027842
2392075438 1792.093750 716.718750 182.000000 182.000000 4.011775
2392075438 1100.781250 716.718750 157.000000 157.000000 2.672167
2392075438 2368.187500 102.218750 89.812500 103.000000 1.935169
2404040793 167.875000 342.250000 392.000000 392.000000 1399.986206
2404040793 533.500000 3.500000 51.500000 51.500000 3.996892
2406586388 1667.000000 167.000000 292.000000 292.000000 5182.534668
2406586388 657.000000 637.000000 157.000000 157.000000 3344.193115
2406586388 197.000000 697.000000 136.000000 136.000000 2341.694580
2406586388 719.937500 760.656250 118.000000 118.000000 22.288925
2406586388 801.375000 679.218750 118.000000 118.000000 14.834419
2406586388 77.000000 1260.000000 118.000000 118.000000 12.257516
2406586388 337.000000 1057.000000 136.000000 136.000000 5.136712
2417212918 2147.000000 947.000000 103.000000 103.000000 543.455261
2417212918 597.000000 707.000000 136.000000 136.000000 521.235901
2417212918 1037.000000 1207.000000 103.000000 103.000000 281.116699
2417212918 1447.000000 857.000000 103.000000 103.000000 247.100296
2417212918 1667.000000 1207.000000 136.000000 136.000000 18.776852
2417212918 967.000000 1307.000000 103.000000 103.000000 9.690571
2417212918 2728.000000 1237.000000 83.000000 103.000000 8.693426
2417212918 2208.000000 1535.000000 118.000000 118.000000 6.966188
2417212918 377.000000 917.000000 136.000000 136.000000 6.850357
2417212918 697.000000 1457.000000 103.000000 103.000000 6.484787
2417212918 557.984375 1260.734375 118.000000 118.000000 2.300530
2417212918 1612.109375 1699.953125 118.000000 118.000000 1.950155
2417212918 1963.484375 1831.718750 157.000000 157.000000 1.780207
2417212918 1392.500000 1436.421875 103.000000 103.000000 1.538605
2417212918 689.750000 1128.968750 136.000000 136.000000 1.022577
2437602091 28.750000 178.562500 237.500000 237.500000 2527.301025
2437602091 116.875000 469.375000 51.500000 51.500000 2.797621
2437602091 28.750000 416.500000 91.000000 91.000000 2.535942
2451065225 221.500000 197.500000 171.000000 171.000000 1131.739014
2451065225 293.500000 353.500000 91.000000 91.000000 22.234457
2451065225 303.500000 73.500000 91.000000 91.000000 19.312437
2451065225 65.500000 437.500000 91.000000 74.500000 7.241867
2451065225 476.500000 285.500000 124.500000 124.500000 5.966181
2451065225 641.500000 329.500000 59.000000 59.000000 5.606309
24795717 608.500000 168.500000 124.500000 124.500000 9956.242188
24795717 423.500000 183.500000 146.000000 146.000000 9897.553711
24795717 183.500000 153.500000 146.000000 146.000000 8935.060547
24795717 253.500000 470.500000 91.000000 91.000000 8.357620
24795717 633.500000 553.500000 68.000000 68.000000 8.309731
24795717 727.500000 268.500000 51.500000 51.500000 7.212806
24795717 533.500000 605.500000 59.000000 59.000000 6.397851
24795717 463.500000 318.500000 78.500000 78.500000 5.172099
24795717 822.500000 530.500000 68.000000 68.000000 4.904532
24795717 105.500000 505.500000 91.000000 91.000000 4.889426
24795717 782.500000 213.500000 59.000000 59.000000 4.738979
24795717 338.500000 173.500000 51.500000 51.500000 4.434610
250277765 598.500000 213.500000 146.000000 146.000000 27087.519531
250277765 303.500000 153.500000 171.000000 171.000000 26308.453125
250277765 528.500000 419.500000 91.000000 91.000000 26.050562
250277765 916.500000 604.500000 51.500000 51.500000 6.420993
250277765 776.500000 428.500000 78.500000 78.500000 6.237102
2519293956 857.000000 327.000000 249.000000 249.000000 20297.652344
2519293956 637.000000 287.000000 213.000000 213.000000 7035.067871
2519293956 993.000000 649.000000 136.000000 136.000000 7.776595
2519293956 539.000000 947.000000 157.000000 157.000000 6.646651
2519293956 1331.000000 83.000000 205.000000 249.000000 5.443961
253915276 947.000000 387.000000 213.000000 213.000000 4213.495605
253915276 1111.703125 836.265625 182.000000 182.000000 7.028052
253915276 817.000000 87.000000 103.000000 103.000000 5.723774
253915276 37.000000 999.000000 157.000000 103.000000 5.651910
253915276 737.000000 789.000000 118.000000 118.000000 5.161911
2542662563 248.500000 78.500000 237.500000 237.500000 203.508514
2542662563 626.500000 538.500000 59.000000 59.000000 42.374153
2542662563 663.500000 488.500000 68.000000 68.000000 37.196587
2542662563 0.500000 443.500000 89.000000 91.000000 21.094320
2542662563 733.500000 513.500000 51.500000 51.500000 12.457247
2542662563 811.500000 523.500000 51.500000 51.500000 11.377641
2542662563 703.500000 558.500000 51.500000 46.500000 9.485934
2542662563 758.500000 453.500000 78.500000 78.500000 8.592231
2542662563 153.500000 353.500000 78.500000 78.500000 5.097798
255360810 547.000000 257.000000 213.000000 213.000000 266.497345
255360810 537.000000 117.000000 182.000000 182.000000 21.421064
255360810 416.750000 536.125000 342.000000 342.000000 6.482264
2580479214 297.000000 477.000000 182.000000 182.000000 3087.742188
2580479214 897.000000 447.000000 103.000000 103.000000 159.592758
2580479214 207.000000 247.000000 249.000000 249.000000 26.372120
2580479214 362.000000 762.000000 403.000000 403.000000 15.741780
2580479214 987.000000 287.000000 157.000000 157.000000 6.085701
2580479214 1477.000000 137.000000 103.000000 103.000000 4.574248
261068 413.500000 183.500000 91.000000 91.000000 5419.544922
261068 233.500000 138.500000 106.500000 106.500000 621.497314
261068 608.562500 265.546875 124.500000 124.500000 52.409924
261068 48.500000 113.500000 59.000000 59.000000 9.708339
261068 423.500000 281.500000 51.500000 51.500000 8.441476
261068 28.984375 372.000000 59.000000 59.000000 7.122161
2653111362 358.500000 128.500000 106.500000 106.500000 424.841156
2653111362 178.500000 83.500000 51.500000 51.500000 79.595985
2653111362 353.500000 383.500000 51.500000 51.500000 65.372665
2653111362 503.500000 368.500000 91.000000 91.000000 28.599030
2653111362 263.500000 333.500000 68.000000 68.000000 27.678288
2653111362 158.500000 173.500000 51.500000 51.500000 16.554382
2653111362 763.500000 238.500000 68.000000 68.000000 7.728127
2653111362 513.500000 505.500000 59.000000 59.000000 7.593427
2653111362 693.500000 378.500000 51.500000 51.500000 7.201201
2653111362 863.500000 258.500000 59.000000 59.000000 6.555975
2653111362 603.500000 660.500000 59.000000 59.000000 6.517288
270814102 947.000000 717.000000 213.000000 213.000000 1149.405273
270814102 317.000000 657.000000 213.000000 213.000000 88.001534
270814102 1620.000000 1964.000000 213.000000 213.000000 27.758087
270814102 337.000000 2124.000000 136.000000 136.000000 20.096762
270814102 617.000000 1917.000000 213.000000 213.000000 17.290724
270814102 1310.000000 477.000000 182.000000 182.000000 14.483418
270814102 977.140625 1527.218750 403.000000 403.000000 8.462850
270814102 917.000000 1127.000000 118.000000 118.000000 7.251394
270814102 967.000000 2114.000000 103.000000 103.000000 7.185618
270814102 287.000000 507.000000 103.000000 103.000000 6.265789
270814102 830.453125 1197.171875 157.000000 157.000000 3.330535
270814102 1160.500000 1747.250000 475.000000 475.000000 2.822223
270814102 1197.171875 1307.187500 249.000000 249.000000 2.663631
2715171150 347.000000 167.000000 213.000000 213.000000 1660.044800
2715171150 177.000000 557.000000 118.000000 118.000000 29.594894
2715171150 164.656250 2083.343750 103.000000 103.000000 16.146465
2715171150 448.906250 2083.343750 103.000000 103.000000 15.918316
2715171150 519.968750 200.187500 182.000000 182.000000 10.733230
2715171150 762.000000 1237.000000 103.000000 103.000000 6.397446
2715171150 352.000000 1987.000000 118.000000 118.000000 5.836099
2715171150 306.781250 22.531250 103.000000 103.000000 5.423549
2715171150 662.093750 58.062500 182.000000 182.000000 3.935123
2715171150 129.125000 2154.406250 103.000000 103.000000 1.546435
2715171150 519.968750 2118.875000 103.000000 103.000000 1.534666
2715171150 484.437500 2012.281250 103.000000 103.000000 1.501942
2715171150 306.781250 839.750000 157.000000 157.000000 1.082169
2751381965 1017.000000 357.000000 213.000000 213.000000 16801.093750
2751381965 1367.000000 247.000000 249.000000 249.000000 6233.356445
2751381965 1166.843750 419.609375 213.000000 213.000000 6.913570
2751381965 891.546875 1245.500000 182.000000 182.000000 3.183301
2751381965 1009.531250 773.562500 213.000000 213.000000 1.480844
2803423910 377.000000 257.000000 249.000000 249.000000 3993.787109
2803423910 617.000000 297.000000 249.000000 249.000000 247.553833
2803423910 187.000000 387.000000 182.000000 182.000000 5.820402
2805422179 423.500000 213.500000 124.500000 124.500000 6217.895508
2805422179 792.500000 98.500000 68.000000 68.000000 3286.752930
2805422179 548.500000 183.500000 124.500000 124.500000 2849.189453
2805422179 138.500000 198.500000 91.000000 91.000000 1284.535400
2805422179 208.500000 58.500000 91.000000 91.000000 149.828354
2805422179 613.500000 13.500000 78.500000 78.500000 105.589706
2805422179 373.500000 73.500000 124.500000 124.500000 49.155144
2805422179 972.500000 541.500000 51.500000 51.500000 20.674051
2805422179 802.500000 8.500000 59.000000 59.000000 5.825595
2805422179 825.500000 137.500000 68.000000 68.000000 4.232422
2805422179 841.500000 89.500000 68.000000 68.000000 2.183238
2805422179 121.500000 457.500000 124.500000 124.500000 1.415892
281972218 647.000000 487.000000 182.000000 182.000000 1989.853760
281972218 960.000000 317.000000 249.000000 249.000000 328.810608
281972218 840.000000 807.000000 182.000000 182.000000 24.179688
281972218 447.000000 837.000000 103.000000 103.000000 6.361036
2844520516 113.500000 143.500000 201.500000 201.500000 1158.781006
2844520516 423.500000 403.500000 59.000000 59.000000 1.713473
2863107962 388.500000 158.500000 124.500000 124.500000 3780.614990
2863107962 173.500000 223.500000 106.500000 106.500000 153.414246
2863107962 593.500000 753.500000 146.000000 146.000000 114.610771
2863107962 368.500000 903.500000 106.500000 106.500000 19.008930
2863107962 98.500000 896.500000 59.000000 59.000000 4.837708
2863107962 482.218750 613.796875 68.000000 68.000000 2.535434
2911658494 209.500000 161.500000 201.500000 201.500000 15262.374023
2911658494 401.500000 471.500000 171.000000 171.000000 8880.228516
2939015820 258.500000 178.500000 201.500000 201.500000 23004.232422
2939015820 611.500000 223.500000 78.500000 78.500000 268.824371
2939015820 63.500000 253.500000 91.000000 91.000000 33.699833
2939015820 528.500000 318.500000 51.500000 51.500000 7.020988
2939015820 576.500000 308.500000 51.500000 51.500000 4.782596
3020248483 767.000000 607.000000 342.000000 342.000000 920.038269
3020248483 1372.000000 807.000000 249.000000 249.000000 84.387405
3020248483 317.000000 1325.000000 182.000000 182.000000 23.490774
3020248483 427.000000 857.000000 136.000000 136.000000 17.670521
3020248483 1027.000000 507.000000 136.000000 136.000000 10.047420
3020248483 1217.000000 587.000000 157.000000 157.000000 7.646372
3020248483 1017.000000 1047.000000 182.000000 182.000000 5.997186
3062021448 1357.000000 417.000000 182.000000 182.000000 3060.961670
3062021448 514.000000 297.000000 249.000000 249.000000 671.355652
3062021448 1227.000000 1134.000000 213.000000 213.000000 5.587983
3062021448 1831.000000 877.000000 136.000000 136.000000 4.671645
3062021448 1568.000000 328.000000 292.000000 292.000000 3.623387
3062021448 1878.000000 1227.000000 106.000000 157.000000 1.706340
3089202157 1057.000000 657.000000 213.000000 213.000000 5180.744629
3089202157 357.000000 837.000000 249.000000 249.000000 1106.474854
3089202157 1807.000000 867.000000 213.000000 213.000000 185.176102
3089202157 97.000000 1457.000000 136.000000 136.000000 11.107686
3089202157 1239.125000 729.000000 157.000000 157.000000 10.432646
3089202157 1146.375000 821.750000 157.000000 157.000000 10.224235
3089202157 1397.000000 1617.000000 136.000000 136.000000 10.106524
3089202157 837.000000 687.000000 157.000000 157.000000 7.884607
3089202157 17.000000 1902.000000 103.000000 103.000000 7.257998
3089202157 775.375000 2120.250000 136.000000 136.000000 5.675922
3089202157 577.000000 1597.000000 103.000000 103.000000 4.919852
3089202157 517.000000 487.000000 103.000000 103.000000 4.044026
3089202157 729.000000 2027.500000 136.000000 136.000000 3.843684
3089202157 2352.125000 1795.625000 136.000000 136.000000 2.558275
3089202157 1192.750000 1378.250000 157.000000 157.000000 2.311459
3089202157 1471.000000 1702.875000 118.000000 118.000000 1.551927
310076750 461.500000 317.500000 201.500000 201.500000 2504.658203
310076750 523.500000 573.500000 78.500000 78.500000 6.167415
310076750 333.500000 8.500000 51.500000 51.500000 6.036593
310076750 363.500000 388.500000 51.500000 51.500000 5.835503
310076750 763.500000 478.500000 51.500000 51.500000 4.746819
3116931144 387.000000 387.000000 182.000000 182.000000 315.318298
3116931144 1647.000000 457.000000 182.000000 182.000000 263.439270
3116931144 1167.000000 777.000000 157.000000 157.000000 31.916912
3116931144 907.562500 1155.406250 292.000000 292.000000 6.463306
3116931144 857.000000 817.000000 118.000000 118.000000 5.758905
3116931144 897.000000 277.000000 213.000000 213.000000 5.278132
3187108438 503.125000 314.375000 201.500000 201.500000 387.762085
3187108438 878.500000 593.500000 51.500000 51.500000 11.412174
3187108438 668.500000 811.500000 78.500000 51.500000 6.879823
3187108438 786.250000 654.125000 201.500000 201.500000 6.712254
3187108438 1056.500000 661.500000 51.500000 51.500000 5.052314
3187108438 823.500000 213.500000 59.000000 59.000000 4.967091
3187108438 1146.500000 78.500000 61.500000 78.500000 4.665814
3187108438 953.500000 478.500000 51.500000 51.500000 4.242354
3187108438 427.625000 503.125000 59.000000 59.000000 2.561193
3187108438 352.125000 673.000000 146.000000 146.000000 1.919381
3210734866 212.750000 184.531250 136.000000 136.000000 1280.792114
3210734866 297.406250 748.906250 292.000000 292.000000 24.591631
3210734866 438.500000 523.156250 103.000000 103.000000 12.469119
3210734866 99.875000 1256.843750 292.000000 292.000000 9.038323
3210734866 297.406250 128.093750 136.000000 136.000000 4.010506
3210734866 353.843750 523.156250 103.000000 103.000000 3.939888
3210734866 43.437500 551.375000 157.000000 157.000000 2.781894
3210734866 99.875000 1059.312500 118.000000 118.000000 1.866916
3210734866 297.406250 240.968750 136.000000 136.000000 1.760107
3210734866 43.437500 748.906250 118.000000 118.000000 1.622425
3284354538 2177.000000 567.000000 213.000000 213.000000 2540.834229
3284354538 587.000000 687.000000 213.000000 213.000000 1477.845703
3284354538 1307.000000 717.000000 182.000000 182.000000 1350.447144
3284354538 527.000000 1847.000000 182.000000 182.000000 31.953857
3284354538 217.000000 1057.000000 103.000000 103.000000 10.861360
3284354538 2267.000000 1787.000000 103.000000 103.000000 9.413046
3284354538 1667.000000 1587.000000 136.000000 136.000000 8.485783
3284354538 107.000000 1297.000000 118.000000 118.000000 6.053620
3284354538 2305.750000 1430.750000 182.000000 182.000000 1.860784
3284354538 1693.250000 1868.250000 118.000000 118.000000 1.790995
3331716292 163.421875 208.734375 201.500000 201.500000 2238.831299
3331716292 443.500000 163.500000 59.000000 59.000000 53.507874
3331716292 208.734375 129.437500 59.000000 59.000000 2.221546
3346359383 1147.000000 427.000000 213.000000 213.000000 10374.297852
3346359383 2004.000000 427.000000 182.000000 182.000000 4365.045410
3346359383 347.000000 367.000000 249.000000 249.000000 1689.853149
3346359383 577.000000 847.000000 103.000000 103.000000 32.857594
3346359383 2164.000000 1203.000000 157.000000 157.000000 17.045498
3346359383 1067.000000 1337.000000 103.000000 103.000000 7.133544
3346359383 262.296875 1048.859375 103.000000 103.000000 6.989952
3346359383 2244.000000 1693.000000 136.000000 136.000000 6.247065
3346359383 1227.000000 1027.000000 157.000000 157.000000 6.089510
3346359383 1284.828125 537.593750 182.000000 182.000000 3.993715
3346359383 655.578125 852.218750 342.000000 342.000000 1.947507
3346359383 1324.156250 773.562500 118.000000 118.000000 1.740154
3363054468 287.000000 337.000000 136.000000 136.000000 187.015900
3363054468 357.000000 727.000000 136.000000 136.000000 24.228556
3363054468 127.000000 487.000000 182.000000 182.000000 12.845205
3363054468 447.000000 607.000000 103.000000 103.000000 7.837636
3363054468 167.000000 677.000000 136.000000 136.000000 7.615967
3363054468 337.000000 437.000000 136.000000 136.000000 6.816314
3363054468 337.000000 217.000000 103.000000 103.000000 5.714417
3363054468 7.000000 1087.000000 118.000000 118.000000 2.654277
342149506 1193.000000 297.000000 249.000000 249.000000 3872.275879
342149506 527.000000 417.000000 182.000000 182.000000 75.546898
342149506 507.000000 297.000000 136.000000 136.000000 24.968996
342149506 377.000000 427.000000 182.000000 182.000000 22.455025
342149506 1488.500000 791.375000 103.000000 103.000000 4.944759
342149506 1443.000000 941.000000 118.000000 118.000000 4.629452
342149506 1166.750000 657.312500 157.000000 157.000000 1.538732
342149506 1542.125000 737.750000 103.000000 103.000000 1.262437
342149506 1622.562500 1005.875000 93.437500 182.000000 1.101135
342149506 1247.187500 550.062500 136.000000 136.000000 1.033811
3464901851 728.000000 517.000000 213.000000 213.000000 117.205452
3464901851 227.000000 1167.000000 103.000000 103.000000 20.555500
3464901851 930.500000 104.937500 320.500000 475.000000 11.874969
3464901851 753.593750 694.625000 182.000000 182.000000 4.920532
346731834 258.500000 528.500000 201.500000 201.500000 1037.997681
346731834 143.500000 408.500000 91.000000 91.000000 64.642029
346731834 644.500000 568.500000 68.000000 68.000000 21.590706
346731834 283.500000 798.500000 51.500000 51.500000 6.323781
346731834 108.718750 934.453125 146.000000 146.000000 5.967640
346731834 704.015625 1011.265625 106.500000 106.500000 2.151652
347629355 887.000000 517.000000 249.000000 249.000000 5101.568848
347629355 1177.000000 647.000000 182.000000 182.000000 400.265137
347629355 1417.000000 587.000000 249.000000 249.000000 8.111229
347826333 348.500000 298.500000 201.500000 201.500000 3898.862305
347826333 704.015625 243.140625 280.500000 280.500000 311.900421
347826333 1012.500000 148.500000 91.000000 91.000000 21.558037
347826333 163.500000 503.500000 59.000000 59.000000 20.178745
347826333 377.562500 89.515625 146.000000 146.000000 9.010129
347826333 127.921875 243.140625 237.500000 237.500000 6.432105
347826333 513.500000 513.500000 51.500000 51.500000 5.166614
347826333 454.375000 723.218750 51.500000 51.500000 1.216479
3504938758 1734.000000 357.000000 157.000000 157.000000 357.879456
3504938758 1007.000000 477.000000 157.000000 157.000000 273.307648
3504938758 247.000000 717.000000 182.000000 182.000000 111.472229
3504938758 1892.234375 298.765625 213.000000 213.000000 6.754874
3504938758 1517.000000 807.000000 103.000000 103.000000 6.730608
3504938758 547.000000 287.000000 103.000000 103.000000 5.040632
3504938758 1788.312500 56.281250 249.000000 249.000000 2.873296
3504938758 1857.593750 714.453125 249.000000 249.000000 2.546276
3504938758 1164.781250 1060.859375 157.000000 157.000000 2.435031
3504938758 783.734375 922.296875 118.000000 118.000000 1.602208
3504938758 1822.953125 1407.265625 136.000000 89.734375 1.057864
3532475790 767.000000 457.000000 182.000000 182.000000 15598.960938
3532475790 1117.000000 397.000000 213.000000 213.000000 556.624146
3532475790 1497.000000 537.000000 118.000000 118.000000 6.517737
3532475790 919.343750 504.968750 136.000000 136.000000 5.263884
3532475790 1195.593750 1057.468750 292.000000 292.000000 3.755887
3532475790 815.750000 1161.062500 342.000000 342.000000 1.449091
3576294411 1317.000000 407.000000 213.000000 213.000000 4340.485840
3576294411 787.000000 287.000000 213.000000 213.000000 2252.554932
3576294411 997.000000 2502.000000 157.000000 157.000000 29.619133
3576294411 697.000000 1377.000000 103.000000 103.000000 19.329868
3576294411 1384.000000 2227.000000 118.000000 118.000000 15.571077
3576294411 1514.000000 2197.000000 103.000000 103.000000 7.291894
3576294411 1427.000000 787.000000 103.000000 103.000000 5.937338
3576294411 1620.203125 516.687500 342.000000 342.000000 5.444024
3576294411 825.671875 560.828125 136.000000 136.000000 4.365235
3576294411 1364.000000 1787.000000 157.000000 157.000000 3.727461
3576294411 958.093750 295.984375 249.000000 249.000000 2.310345
364259537 827.000000 467.000000 157.000000 157.000000 3722.228760
364259537 1565.000000 567.000000 182.000000 182.000000 831.856384
364259537 1297.000000 957.000000 182.000000 182.000000 28.119675
364259537 1459.000000 915.000000 136.000000 136.000000 4.829234
364259537 1523.000000 1011.000000 182.000000 182.000000 3.167692
3662810723 1547.000000 727.000000 342.000000 342.000000 5158.734863
3662810723 2267.000000 1037.000000 342.000000 342.000000 1379.118164
3662810723 3060.000000 667.000000 213.000000 213.000000 93.258339
3662810723 1027.000000 1057.000000 249.000000 249.000000 72.657738
3662810723 3110.000000 2247.000000 136.000000 136.000000 19.447264
3662810723 2587.000000 777.000000 103.000000 103.000000 5.345829
3662810723 1557.000000 2007.000000 103.000000 103.000000 4.705964
3662810723 1242.296875 860.250000 103.000000 103.000000 3.059555
3662810723 969.406250 1242.296875 249.000000 249.000000 2.141405
3662810723 1897.234375 150.734375 475.000000 475.000000 1.285236
3662810723 1842.656250 805.671875 213.000000 213.000000 1.052337
3684472818 847.000000 237.000000 249.000000 249.000000 16137.315430
3684472818 1065.000000 387.000000 213.000000 213.000000 11273.026367
3684472818 63.312500 648.375000 249.000000 249.000000 13.856320
368987306 747.000000 377.000000 182.000000 182.000000 441.036346
368987306 817.000000 1557.000000 118.000000 118.000000 9.446300
368987306 1037.000000 1447.000000 118.000000 118.000000 4.532603
37096733 413.500000 283.500000 201.500000 201.500000 4267.687500
37096733 825.375000 220.375000 237.500000 237.500000 475.728760
37096733 368.500000 143.500000 146.000000 146.000000 61.310925
37096733 693.031250 466.156250 59.000000 59.000000 8.772752
37096733 383.500000 685.500000 59.000000 59.000000 5.248772
3722549017 1507.000000 567.000000 182.000000 182.000000 369.125153
3722549017 1667.000000 1703.000000 213.000000 133.000000 62.917374
3722549017 897.000000 997.000000 157.000000 157.000000 25.049335
3722549017 937.000000 1383.000000 103.000000 103.000000 7.292756
3722549017 757.000000 597.000000 103.000000 103.000000 6.850300
3722549017 1817.000000 1027.000000 103.000000 103.000000 4.520171
3729198156 687.000000 557.000000 213.000000 213.000000 3812.316406
3729198156 1067.000000 217.000000 182.000000 182.000000 679.978577
3729198156 2157.000000 1017.000000 403.000000 403.000000 661.187805
3729198156 407.000000 637.000000 292.000000 292.000000 624.712280
3729198156 1107.000000 537.000000 213.000000 213.000000 296.345795
3729198156 2654.000000 287.000000 213.000000 213.000000 292.279938
3729198156 117.000000 1127.000000 403.000000 403.000000 245.872238
3729198156 2517.000000 237.000000 182.000000 182.000000 163.268066
3729198156 2417.000000 327.000000 157.000000 157.000000 61.027256
3729198156 2067.000000 1391.000000 136.000000 136.000000 38.972645
3729198156 1087.000000 1461.000000 118.000000 118.000000 24.002377
3729198156 1237.000000 1067.000000 103.000000 103.000000 16.282293
3729198156 2934.000000 1401.000000 93.000000 118.000000 7.671181
3729198156 1877.000000 537.000000 103.000000 103.000000 6.578153
3729198156 743.750000 1169.421875 213.000000 213.000000 6.499777
3729198156 601.859375 1453.203125 249.000000 249.000000 5.317426
3729198156 1227.000000 827.000000 118.000000 118.000000 5.294499
3729198156 2207.000000 577.000000 213.000000 213.000000 4.466435
3729198156 1027.531250 1122.125000 118.000000 118.000000 4.371393
3729198156 791.046875 1027.531250 103.000000 103.000000 2.865237
3729198156 838.343750 649.156250 182.000000 182.000000 1.457916
3729198156 791.046875 932.937500 103.000000 103.000000 1.070245
378492784 553.500000 372.500000 201.500000 201.500000 5240.223633
378492784 274.046875 73.656250 280.500000 280.500000 1165.995605
3796238727 1007.000000 487.000000 182.000000 182.000000 5362.542480
3796238727 517.000000 367.000000 249.000000 249.000000 4683.290527
3796238727 1687.000000 417.000000 342.000000 342.000000 2556.160400
3796238727 1037.000000 657.000000 118.000000 118.000000 30.122316
3796238727 47.000000 1047.000000 292.000000 292.000000 20.596691
3796238727 1134.500000 522.500000 182.000000 182.000000 19.963133
3796238727 1617.000000 1527.000000 118.000000 118.000000 8.170859
3796238727 1357.000000 1223.000000 118.000000 118.000000 7.818986
3796238727 547.000000 1377.000000 136.000000 136.000000 7.777755
3796238727 1227.000000 1333.000000 103.000000 103.000000 5.591295
3796238727 1478.750000 1478.750000 136.000000 136.000000 1.367799
3854178896 331.000000 151.000000 201.500000 201.500000 350.406677
3854178896 113.500000 243.500000 91.000000 91.000000 19.311876
3854178896 128.500000 423.500000 51.500000 51.500000 6.567994
3854178896 4.750000 106.000000 51.500000 51.500000 1.518823
3854178896 612.250000 151.000000 68.000000 68.000000 1.387782
3858593140 458.500000 240.500000 124.500000 124.500000 2867.946777
3858593140 188.500000 108.500000 106.500000 106.500000 406.126801
3858593140 18.500000 415.500000 59.000000 59.000000 25.287354
3858593140 393.500000 381.000000 237.500000 156.000000 14.053666
3873491482 293.500000 231.000000 201.500000 201.500000 5522.958008
3873491482 453.500000 478.500000 68.000000 68.000000 6.862515
3893740955 567.000000 647.000000 182.000000 182.000000 610.750366
3893740955 1543.000000 667.000000 213.000000 213.000000 395.976135
3893740955 637.000000 1313.000000 157.000000 157.000000 28.844982
3893740955 2043.000000 247.000000 103.000000 103.000000 7.414598
3893740955 107.000000 877.000000 118.000000 118.000000 4.756167
3893740955 1328.250000 1160.593750 292.000000 292.000000 3.959664
3893740955 1630.031250 925.875000 118.000000 118.000000 3.708649
3893740955 1026.468750 1261.187500 103.000000 103.000000 2.300669
3929640120 212.562500 103.031250 171.000000 171.000000 11122.582031
3929640120 574.500000 133.500000 59.000000 59.000000 561.832703
3929640120 409.500000 173.500000 59.000000 59.000000 17.556309
3929640120 488.500000 332.500000 91.000000 91.000000 16.986404
3929640120 4.453125 179.703125 59.000000 59.000000 7.002155
3929640120 584.500000 202.500000 51.500000 51.500000 6.527964
3929640120 68.500000 118.500000 51.500000 51.500000 5.791415
3929640120 218.500000 297.500000 106.500000 106.500000 5.761229
3944399031 927.000000 317.000000 249.000000 249.000000 4575.978027
3944399031 427.000000 707.000000 182.000000 182.000000 793.701782
3944399031 1027.000000 747.000000 103.000000 103.000000 25.285311
3944399031 1813.562500 936.812500 136.000000 136.000000 4.139709
3944399031 1119.468750 681.093750 136.000000 136.000000 2.873133
3944399031 571.500000 754.156250 157.000000 157.000000 2.848967
397921011 637.000000 337.000000 403.000000 403.000000 9625.395508
397921011 367.000000 517.000000 292.000000 292.000000 9411.606445
3989161 172.750000 251.171875 201.500000 201.500000 808.319580
399829006 221.500000 221.500000 146.000000 146.000000 1089.345581
399829006 208.500000 676.500000 59.000000 59.000000 20.545584
399829006 461.500000 269.500000 50.500000 59.000000 15.515244
399829006 265.500000 363.500000 51.500000 51.500000 7.787963
399829006 413.500000 89.500000 51.500000 51.500000 7.060465
399829006 461.500000 317.500000 50.500000 59.000000 2.293320
399829006 425.500000 293.500000 59.000000 59.000000 1.890416
40014967 195.468750 204.250000 171.000000 171.000000 624.506531
40014967 3.500000 485.500000 68.000000 68.000000 35.497776
4009440741 457.000000 237.000000 213.000000 213.000000 12016.383789
4009440741 927.000000 297.000000 213.000000 213.000000 4032.069824
4009440741 1093.000000 567.000000 182.000000 182.000000 29.390753
4009440741 947.000000 637.000000 103.000000 103.000000 8.818619
4009440741 1397.000000 277.000000 136.000000 136.000000 8.534166
4009440741 1573.000000 397.000000 143.000000 157.000000 7.669013
4009440741 827.000000 757.000000 182.000000 182.000000 7.004436
4009440741 1434.875000 576.875000 103.000000 103.000000 2.456017
4009440741 1595.750000 281.937500 120.250000 136.000000 1.668957
4009440741 1059.500000 818.187500 249.000000 249.000000 1.252137
4017305068 438.500000 163.500000 91.000000 91.000000 3554.071045
4017305068 558.500000 350.500000 51.500000 51.500000 21.590874
4017305068 623.500000 183.500000 51.500000 51.500000 17.247471
4017305068 381.000000 393.500000 106.500000 106.500000 11.234250
4017305068 731.000000 343.500000 51.500000 51.500000 8.647263
4017305068 93.500000 163.500000 59.000000 59.000000 7.812737
4017305068 81.000000 393.500000 78.500000 78.500000 7.133358
4017305068 448.500000 260.500000 51.500000 51.500000 7.020472
4017305068 363.500000 43.500000 68.000000 68.000000 6.085424
4022732812 897.000000 407.000000 213.000000 213.000000 11532.716797
4022732812 547.000000 957.000000 213.000000 213.000000 6523.773438
4022732812 1237.000000 1127.000000 292.000000 292.000000 255.420593
4022732812 1608.000000 1584.000000 103.000000 103.000000 4.504102
4022732812 377.000000 1537.000000 103.000000 103.000000 4.087705
406798473 817.000000 427.000000 157.000000 157.000000 15663.029297
406798473 517.000000 407.000000 157.000000 157.000000 8875.208008
406798473 307.000000 377.000000 157.000000 157.000000 8016.457031
4082680322 307.000000 197.000000 136.000000 136.000000 1053.915771
4082680322 127.000000 547.000000 157.000000 157.000000 42.295650
4082680322 107.000000 847.000000 182.000000 182.000000 36.087990
4082680322 270.000000 787.000000 157.000000 157.000000 24.600973
4082680322 360.000000 517.000000 136.000000 136.000000 4.537670
410225851 257.000000 357.000000 136.000000 136.000000 3936.773438
410225851 993.000000 479.000000 157.000000 157.000000 1139.012329
410225851 756.500000 776.750000 182.000000 182.000000 12.731141
410225851 783.000000 307.000000 103.000000 103.000000 8.562505
410225851 507.000000 809.000000 103.000000 103.000000 4.896113
411555970 867.000000 187.000000 157.000000 157.000000 557.684387
411555970 297.000000 227.000000 157.000000 157.000000 203.016312
411555970 1147.000000 727.000000 133.000000 136.000000 40.918442
411555970 527.000000 257.000000 157.000000 157.000000 23.625582
411555970 317.000000 367.000000 118.000000 118.000000 5.885005
411555970 47.000000 267.000000 103.000000 103.000000 2.338512
4141887018 518.500000 158.500000 201.500000 201.500000 5526.026855
4141887018 478.500000 571.500000 68.000000 68.000000 20.097078
4141887018 732.500000 581.500000 68.000000 68.000000 8.017114
4141887018 248.500000 288.500000 51.500000 51.500000 5.226073
4141887018 228.500000 73.500000 51.500000 51.500000 5.026128
4141887018 569.500000 713.500000 59.000000 54.500000 3.751038
4145388945 1017.000000 597.000000 292.000000 292.000000 26780.683594
4145388945 1770.000000 557.000000 213.000000 213.000000 6775.384277
4145388945 644.187500 479.890625 292.000000 292.000000 1965.219116
4145388945 1457.000000 769.000000 103.000000 103.000000 29.674267
4145388945 1407.000000 987.000000 103.000000 103.000000 18.087437
4145388945 1925.703125 578.468750 177.296875 213.000000 17.354530
4145388945 57.000000 737.000000 103.000000 103.000000 9.347014
4145388945 1970.000000 1029.000000 103.000000 103.000000 7.393008
4145388945 578.468750 282.734375 118.000000 118.000000 7.160275
4174638819 155.218750 146.234375 280.500000 280.500000 1881.486694
4174638819 428.500000 237.500000 68.000000 68.000000 7.160593
4237203680 617.000000 414.000000 249.000000 249.000000 11087.488281
4237203680 857.000000 377.000000 249.000000 249.000000 8628.541992
4237203680 457.000000 457.000000 103.000000 103.000000 166.517685
4237203680 59.937500 230.125000 403.000000 403.000000 21.257994
4237203680 789.312500 765.000000 213.000000 213.000000 9.932871
4237203680 1353.000000 537.000000 136.000000 136.000000 5.156342
4239974048 1607.000000 327.000000 213.000000 213.000000 19239.623047
4239974048 1197.000000 377.000000 213.000000 213.000000 13218.278320
4239974048 217.000000 627.000000 292.000000 292.000000 4780.165527
4239974048 717.000000 457.000000 249.000000 249.000000 2165.504639
4239974048 2137.000000 1137.000000 213.000000 213.000000 34.065815
4239974048 1740.750000 444.500000 182.000000 182.000000 14.393090
4239974048 267.000000 537.000000 103.000000 103.000000 7.610146
4239974048 2017.000000 167.000000 103.000000 103.000000 7.003823
4239974048 1907.000000 1447.000000 103.000000 103.000000 6.029322
4239974048 247.000000 87.000000 118.000000 118.000000 5.777221
4239974048 2083.875000 597.000000 342.000000 342.000000 5.612617
4239974048 1359.500000 444.500000 182.000000 182.000000 2.132074
4250120238 343.500000 263.500000 201.500000 201.500000 219.116943
4250120238 263.500000 61.000000 51.500000 51.500000 45.637333
4250120238 347.875000 516.625000 59.000000 59.000000 12.987024
4250120238 293.500000 608.500000 51.500000 51.500000 8.029871
4250120238 246.625000 94.750000 51.500000 51.500000 3.349337
4250120238 516.625000 229.750000 51.500000 51.500000 2.526570
4250120238 432.250000 584.125000 68.000000 68.000000 1.741226
4253907822 256.000000 212.250000 201.500000 201.500000 278.525482
4253907822 43.500000 523.500000 68.000000 68.000000 5.579832
4253907822 348.500000 493.500000 51.500000 51.500000 4.285114
4285163979 807.000000 777.000000 182.000000 182.000000 13515.536133
4285163979 1277.000000 837.000000 182.000000 182.000000 6663.888672
4285163979 1447.000000 487.000000 136.000000 136.000000 1708.146362
4285163979 1597.000000 777.000000 182.000000 182.000000 1666.166748
4285163979 2237.000000 507.000000 182.000000 182.000000 773.009827
4285163979 547.000000 767.000000 182.000000 182.000000 447.929230
4285163979 1137.000000 397.000000 136.000000 136.000000 274.163239
4285163979 935.750000 806.375000 182.000000 182.000000 192.905014
4285163979 1917.000000 517.000000 136.000000 136.000000 158.593765
4285163979 2017.000000 467.000000 157.000000 157.000000 104.412994
4285163979 1187.000000 647.000000 118.000000 118.000000 56.061672
4285163979 849.500000 935.750000 136.000000 136.000000 9.893484
4285163979 1323.875000 978.875000 157.000000 157.000000 8.603790
4285163979 527.000000 487.000000 136.000000 136.000000 7.955360
4285163979 2147.000000 1047.000000 118.000000 118.000000 6.278663
4285163979 1625.750000 935.750000 292.000000 292.000000 4.566430
4285163979 1496.375000 590.750000 157.000000 157.000000 1.631470
4285163979 1582.625000 504.500000 157.000000 157.000000 1.399436
432269399 231.000000 106.000000 280.500000 280.500000 306.240143
432269399 558.500000 367.500000 124.500000 124.500000 36.610851
432269399 493.500000 443.500000 78.500000 78.500000 6.437594
432269399 618.500000 256.000000 51.500000 51.500000 4.729779
432269399 306.000000 468.500000 78.500000 65.500000 3.808390
4332978153 221.406250 167.781250 392.000000 392.000000 8831.169922
4332978153 88.500000 363.500000 91.000000 91.000000 27.103167
4332978153 633.500000 203.500000 91.000000 91.000000 22.459845
4337161543 273.500000 113.500000 124.500000 124.500000 6953.104492
4337161543 344.468750 328.515625 78.500000 78.500000 82.650978
4337161543 73.500000 268.500000 91.000000 91.000000 19.377127
4337161543 78.500000 28.500000 51.500000 51.500000 7.167313
4337161543 248.500000 814.500000 51.500000 51.500000 5.951609
4351876664 155.500000 412.000000 237.500000 237.500000 2969.422852
4351876664 182.500000 344.500000 68.000000 68.000000 9.407677
4351876664 193.500000 243.500000 51.500000 51.500000 7.709074
4351876664 263.500000 183.500000 68.000000 68.000000 5.177606
4351876664 268.500000 328.500000 59.000000 59.000000 5.063086
4351876664 243.500000 783.500000 51.500000 51.500000 5.043197
4351876664 398.500000 323.500000 68.000000 68.000000 4.918525
4351876664 128.500000 767.500000 51.500000 51.500000 4.547867
4351876664 317.500000 790.000000 91.000000 74.000000 1.192934
435926861 78.500000 143.500000 106.500000 106.500000 309.326935
435926861 573.500000 216.500000 124.500000 124.500000 301.388275
435926861 443.500000 431.000000 59.000000 59.000000 8.816692
435926861 428.500000 203.500000 51.500000 51.500000 5.764561
435926861 83.500000 451.500000 59.000000 59.000000 4.407916
435926861 93.500000 68.500000 51.500000 51.500000 1.267979
437595409 337.000000 267.000000 182.000000 182.000000 10514.590820
437595409 1187.000000 834.000000 103.000000 103.000000 7.353765
437595409 512.000000 287.000000 103.000000 103.000000 1.549132
4400753623 2217.000000 377.000000 213.000000 213.000000 3432.205078
4400753623 547.000000 347.000000 292.000000 292.000000 588.484680
4400753623 1017.000000 377.000000 213.000000 213.000000 482.579926
4400753623 2585.000000 527.000000 403.000000 403.000000 116.985603
4400753623 107.000000 597.000000 403.000000 403.000000 68.860435
4400753623 2381.875000 426.875000 182.000000 182.000000 43.187168
4400753623 2137.500000 1844.250000 157.000000 124.750000 31.941031
4400753623 1367.000000 737.000000 103.000000 103.000000 16.079239
4400753623 747.000000 1067.000000 182.000000 182.000000 6.285357
4400753623 1847.000000 757.000000 103.000000 103.000000 4.549580
4400753623 2479.625000 915.625000 249.000000 249.000000 4.261930
4400753623 2284.125000 573.500000 118.000000 118.000000 1.697679
4400753623 1208.875000 426.875000 157.000000 157.000000 1.695739
4400753623 1160.000000 1893.125000 103.000000 75.875000 1.080465
442651885 497.500000 263.500000 201.500000 201.500000 922.482483
442651885 605.500000 479.500000 78.500000 78.500000 5.086724
442743156 1184.000000 417.000000 182.000000 182.000000 1201.305420
442743156 297.000000 277.000000 136.000000 136.000000 108.979576
442743156 177.000000 267.000000 118.000000 118.000000 88.363625
442743156 887.000000 407.000000 157.000000 157.000000 52.035912
442743156 407.000000 357.000000 136.000000 136.000000 49.074345
442743156 1184.000000 647.000000 157.000000 157.000000 40.056812
442743156 637.000000 1004.000000 136.000000 136.000000 8.659028
442743156 1534.000000 797.000000 103.000000 103.000000 7.282861
442743156 1237.000000 817.000000 136.000000 136.000000 6.433382
442743156 477.000000 597.000000 182.000000 182.000000 5.226150
442743156 838.046875 975.312500 136.000000 136.000000 3.296564
4470478982 2067.000000 537.000000 213.000000 213.000000 139.609055
4470478982 707.000000 1311.000000 213.000000 213.000000 56.026703
4470478982 937.000000 137.000000 136.000000 136.000000 8.816493
4470478982 967.000000 657.000000 103.000000 103.000000 5.795263
4470478982 2481.000000 727.000000 103.000000 103.000000 5.750130
4470478982 747.000000 917.000000 103.000000 103.000000 4.984333
4470478982 1030.625000 304.625000 103.000000 103.000000 3.614551
4470478982 1030.625000 213.875000 103.000000 103.000000 2.896024
4470478982 1030.625000 1076.000000 182.000000 182.000000 2.578028
4470478982 803.750000 531.500000 118.000000 118.000000 2.181227
4470478982 939.875000 985.250000 136.000000 136.000000 1.884638
4470478982 894.500000 531.500000 118.000000 118.000000 1.766731
4470478982 1030.625000 713.000000 103.000000 103.000000 1.722723
4470478982 667.625000 985.250000 136.000000 136.000000 1.610733
4470478982 849.125000 1166.750000 213.000000 213.000000 1.574667
4471110141 138.500000 283.500000 237.500000 237.500000 6129.811035
4471110141 446.312500 702.250000 201.500000 201.500000 4484.769043
4471110141 406.937500 1056.625000 237.500000 203.375000 10.502378
4471110141 248.500000 1213.500000 51.500000 46.500000 7.496600
4471110141 533.500000 1008.500000 51.500000 51.500000 5.652346
4471110141 446.312500 997.562500 51.500000 51.500000 4.052610
447910249 436.468750 272.406250 201.500000 201.500000 2059.108398
447910249 103.500000 238.500000 59.000000 59.000000 21.539951
447910249 653.500000 418.500000 51.500000 51.500000 6.015842
447910249 354.437500 141.156250 106.500000 106.500000 3.661696
448291547 947.000000 427.000000 182.000000 182.000000 3045.835205
448291547 357.000000 497.000000 103.000000 103.000000 88.966499
448291547 1635.000000 467.000000 136.000000 136.000000 73.422440
448291547 435.000000 499.000000 157.000000 157.000000 69.531273
448291547 1367.000000 758.000000 103.000000 103.000000 13.383452
448291547 1299.000000 403.000000 249.000000 249.000000 12.070788
448291547 557.000000 758.000000 157.000000 157.000000 4.874417
4492032921 375.187500 165.875000 201.500000 201.500000 6216.476562
4492032921 449.062500 461.375000 51.500000 51.500000 7.809445
4492032921 719.937500 165.875000 68.000000 68.000000 7.360132
4492032921 350.562500 362.875000 91.000000 91.000000 1.899728
45092961 637.000000 467.000000 136.000000 136.000000 2487.321777
45092961 947.000000 517.000000 118.000000 118.000000 1791.107056
45092961 1077.000000 881.000000 249.000000 249.000000 69.641151
45092961 1097.000000 247.000000 157.000000 157.000000 27.180857
45092961 1087.000000 1281.000000 103.000000 103.000000 7.313972
45092961 975.203125 608.156250 103.000000 103.000000 1.410494
45092961 749.328125 495.218750 118.000000 118.000000 1.097991
4512714865 327.484375 180.531250 201.500000 201.500000 5180.437012
4520272436 485.687500 204.437500 201.500000 201.500000 937.120239
4520272436 513.500000 643.500000 59.000000 59.000000 11.747622
4520272436 468.109375 46.234375 201.500000 201.500000 8.747839
4520272436 573.578125 608.734375 68.000000 68.000000 7.525224
4520272436 878.500000 213.500000 68.000000 68.000000 6.229511
4520272436 628.500000 618.500000 59.000000 59.000000 5.838438
4520272436 948.500000 143.500000 51.500000 51.500000 4.483397
4520272436 679.046875 661.468750 78.500000 78.500000 3.939966
4520272436 696.625000 415.375000 51.500000 51.500000 3.312856
4520272436 397.796875 661.468750 51.500000 51.500000 1.035939
4538917191 1307.000000 1797.000000 182.000000 182.000000 4411.667969
4538917191 1647.000000 927.000000 182.000000 182.000000 3760.375244
4538917191 2967.000000 1357.000000 157.000000 157.000000 3106.334229
4538917191 2747.000000 1087.000000 182.000000 182.000000 2973.507568
4538917191 617.000000 1167.000000 157.000000 157.000000 1769.372803
4538917191 1547.000000 367.000000 136.000000 136.000000 1429.653320
4538917191 1247.000000 1457.000000 182.000000 182.000000 1111.131104
4538917191 3367.000000 1387.000000 157.000000 157.000000 1097.745239
4538917191 3007.000000 307.000000 136.000000 136.000000 1057.599121
4538917191 2667.000000 677.000000 136.000000 136.000000 769.024170
4538917191 2657.000000 1977.000000 213.000000 213.000000 504.725006
4538917191 7.000000 417.000000 136.000000 136.000000 427.200684
4538917191 1037.000000 347.000000 136.000000 136.000000 329.325317
4538917191 647.000000 1947.000000 182.000000 182.000000 262.470184
4538917191 1927.000000 357.000000 136.000000 136.000000 258.357727
4538917191 767.000000 1387.000000 157.000000 157.000000 255.170456
4538917191 1037.000000 1037.000000 213.000000 213.000000 224.713776
4538917191 3642.000000 167.000000 136.000000 136.000000 191.041977
4538917191 1217.000000 727.000000 136.000000 136.000000 150.439896
4538917191 3157.000000 2007.000000 213.000000 213.000000 126.782608
4538917191 527.000000 297.000000 182.000000 182.000000 123.916733
4538917191 3492.000000 2007.000000 249.000000 243.000000 119.371483
4538917191 3462.000000 687.000000 157.000000 157.000000 113.160355
4538917191 3652.000000 327.000000 163.000000 182.000000 81.290131
4538917191 57.000000 1777.000000 182.000000 182.000000 78.959915
4538917191 367.000000 617.000000 182.000000 182.000000 78.100800
4538917191 3542.000000 957.000000 136.000000 136.000000 62.855251
4538917191 937.000000 717.000000 157.000000 157.000000 44.588020
4538917191 1037.000000 1767.000000 157.000000 157.000000 23.300684
4538917191 3412.000000 1217.000000 103.000000 103.000000 13.717608
4538917191 1657.000000 677.000000 118.000000 118.000000 12.479950
4538917191 2797.000000 1427.000000 103.000000 103.000000 8.227159
4538917191 3037.000000 437.000000 103.000000 103.000000 8.172068
4538917191 367.000000 1507.000000 118.000000 118.000000 7.769442
4538917191 3467.000000 367.000000 103.000000 103.000000 7.257600
4538917191 2597.000000 297.000000 182.000000 182.000000 7.081699
4538917191 3117.000000 737.000000 182.000000 182.000000 6.589464
4538917191 437.000000 1017.000000 103.000000 103.000000 6.437004
4538917191 2877.000000 577.000000 213.000000 213.000000 5.953822
4538917191 2507.000000 357.000000 118.000000 118.000000 5.860685
4538917191 827.000000 1697.000000 103.000000 103.000000 5.288546
4538917191 1657.000000 577.000000 118.000000 118.000000 5.096261
4538917191 2907.859375 1179.187500 103.000000 103.000000 4.661945
4538917191 2848.250000 1238.796875 103.000000 103.000000 4.604629
4538917191 577.000000 1917.000000 103.000000 103.000000 3.798955
4538917191 3027.078125 1477.234375 136.000000 136.000000 2.524526
4538917191 1358.015625 1954.109375 103.000000 103.000000 1.549261
4538917191 1179.187500 1417.625000 103.000000 103.000000 1.490896
4538917191 3503.953125 1477.234375 103.000000 103.000000 1.242478
4538917191 3444.343750 1536.843750 103.000000 103.000000 1.241008
4538917191 1059.968750 1417.625000 103.000000 103.000000 1.214005
4553922208 1787.000000 517.000000 342.000000 342.000000 38424.847656
4553922208 1279.312500 477.187500 403.000000 403.000000 1339.046753
4553922208 17.000000 737.000000 182.000000 182.000000 240.440399
4553922208 877.000000 767.000000 103.000000 103.000000 64.105965
4553922208 2077.000000 267.000000 103.000000 103.000000 3.909099
4555082379 617.000000 297.000000 213.000000 213.000000 2642.653076
4555082379 688.375000 733.625000 292.000000 292.000000 1.778782
4560029166 258.500000 138.500000 124.500000 124.500000 1274.797363
4560029166 263.500000 651.500000 78.500000 78.500000 6.211874
4560029166 358.500000 493.500000 68.000000 68.000000 5.648364
4560029166 293.500000 93.500000 59.000000 59.000000 1.040282
4573422380 527.000000 297.000000 213.000000 213.000000 4294.370605
4573422380 1337.000000 427.000000 182.000000 182.000000 274.542480
4573422380 1687.000000 607.000000 249.000000 249.000000 78.447800
4573422380 1077.000000 1435.000000 157.000000 157.000000 29.132610
4573422380 1047.000000 927.000000 118.000000 118.000000 22.749443
4573422380 1370.890625 874.109375 136.000000 136.000000 1.236939
4584451140 547.000000 147.000000 213.000000 213.000000 1356.588013
4584451140 1297.000000 587.000000 182.000000 182.000000 290.364899
4584451140 1758.875000 1332.312500 341.125000 307.687500 19.568724
4584451140 107.000000 1197.000000 103.000000 103.000000 6.896147
4584451140 1397.000000 7.000000 103.000000 103.000000 5.886448
4584451140 1537.000000 517.000000 103.000000 103.000000 4.362044
4584451140 1069.812500 643.250000 157.000000 157.000000 4.149518
4584451140 216.687500 1233.875000 157.000000 157.000000 2.979686
4683040401 357.000000 727.000000 213.000000 213.000000 9020.517578
4683040401 913.000000 607.000000 213.000000 213.000000 8337.466797
4683040401 454.906250 1624.671875 103.000000 103.000000 2.094833
4683040401 889.390625 454.906250 103.000000 103.000000 1.022944
4739664721 387.250000 232.562500 237.500000 237.500000 1019.852051
4739664721 233.500000 8.500000 68.000000 68.000000 22.539856
4739664721 533.500000 68.500000 51.500000 51.500000 6.049049
4739664721 499.750000 162.250000 51.500000 51.500000 3.890753
4739664721 429.437500 77.875000 91.000000 91.000000 1.711458
4739664721 316.937500 77.875000 59.000000 59.000000 1.664363
4758145781 1307.000000 397.000000 249.000000 249.000000 13849.900391
4758145781 517.000000 317.000000 249.000000 249.000000 10697.361328
4758145781 2284.000000 107.000000 213.000000 249.000000 3286.103027
4758145781 1944.000000 777.000000 136.000000 136.000000 21.123026
4758145781 187.000000 1288.000000 103.000000 103.000000 20.313345
4758145781 2327.937500 806.328125 118.000000 118.000000 11.261565
4758145781 1864.000000 1017.000000 103.000000 103.000000 8.332757
4758145781 2366.953125 923.375000 130.046875 213.000000 7.044338
4758145781 377.156250 767.312500 292.000000 292.000000 6.428546
4758145781 2037.000000 737.000000 136.000000 136.000000 6.065733
4758145781 572.234375 494.203125 249.000000 249.000000 2.862541
4758145781 1001.406250 1157.468750 136.000000 136.000000 1.496762
47618649 617.000000 117.000000 118.000000 118.000000 131.975739
47618649 217.000000 247.000000 182.000000 182.000000 42.177940
47618649 757.000000 833.000000 249.000000 249.000000 29.438087
47618649 27.000000 987.000000 136.000000 136.000000 28.154978
47618649 1567.000000 1007.000000 118.000000 118.000000 9.165032
47618649 1336.000000 1023.000000 249.000000 249.000000 6.703849
47618649 1057.000000 823.000000 118.000000 118.000000 5.698258
4774338842 1427.000000 507.000000 182.000000 182.000000 5188.997070
4774338842 577.000000 537.000000 213.000000 213.000000 277.459473
4774338842 437.000000 1129.000000 136.000000 136.000000 27.866364
4774338842 1551.000000 565.000000 182.000000 182.000000 15.830800
4774338842 697.000000 447.000000 118.000000 118.000000 5.847325
4774338842 947.000000 1419.000000 103.000000 103.000000 5.825451
4774338842 1483.000000 1279.000000 118.000000 118.000000 5.717720
4774338842 565.000000 1313.000000 342.000000 319.000000 4.952628
4801259916 363.812500 245.312500 201.500000 201.500000 1574.947998
4801259916 618.500000 582.500000 106.500000 106.500000 31.811487
4801259916 751.500000 103.500000 51.500000 51.500000 7.450700
4801259916 758.500000 183.500000 51.500000 51.500000 6.560520
4801259916 78.500000 188.500000 59.000000 59.000000 6.159291
4801259916 245.312500 600.812500 68.000000 68.000000 5.846052
4801259916 781.500000 308.500000 51.500000 51.500000 5.822041
4801259916 598.500000 283.500000 51.500000 51.500000 5.101509
4801259916 541.562500 467.500000 68.000000 68.000000 5.072168
4801259916 891.500000 3.500000 56.500000 68.000000 4.954130
4801259916 63.500000 538.500000 51.500000 51.500000 4.781126
4821642 306.000000 193.500000 237.500000 237.500000 14431.939453
4821642 753.500000 158.500000 46.500000 59.000000 5.471414
4856974482 2867.000000 1767.000000 249.000000 249.000000 4471.232910
4856974482 2427.000000 1067.000000 213.000000 213.000000 1310.174316
4856974482 1037.000000 1999.000000 249.000000 249.000000 1039.466187
4856974482 777.000000 527.000000 157.000000 157.000000 704.584290
4856974482 3569.000000 147.000000 157.000000 157.000000 591.609009
4856974482 1067.000000 617.000000 249.000000 249.000000 340.227936
4856974482 7.000000 147.000000 118.000000 118.000000 263.781219
4856974482 1347.000000 487.000000 136.000000 136.000000 237.384552
4856974482 537.000000 707.000000 182.000000 182.000000 95.613747
4856974482 327.000000 157.000000 118.000000 118.000000 85.746368
4856974482 1607.000000 1707.000000 182.000000 182.000000 38.338264
4856974482 1297.000000 2199.000000 249.000000 249.000000 27.323963
4856974482 2951.500000 1923.000000 292.000000 292.000000 22.231951
4856974482 1957.000000 527.000000 182.000000 182.000000 19.438608
4856974482 1127.000000 97.000000 118.000000 118.000000 18.144220
4856974482 2187.000000 257.000000 103.000000 103.000000 12.434606
4856974482 2497.000000 637.000000 103.000000 103.000000 8.175396
4856974482 507.000000 2369.000000 136.000000 136.000000 7.644401
4856974482 1477.000000 1697.000000 103.000000 103.000000 6.670656
4856974482 3314.500000 1741.500000 213.000000 213.000000 6.206262
4856974482 637.000000 2279.000000 103.000000 103.000000 6.173872
4856974482 847.000000 1867.000000 118.000000 118.000000 5.872623
4856974482 3247.000000 1707.000000 103.000000 103.000000 5.841804
4856974482 727.000000 977.000000 136.000000 136.000000 5.365629
4856974482 187.000000 807.000000 118.000000 118.000000 5.263808
4856974482 3517.000000 1937.000000 103.000000 103.000000 4.412143
4856974482 1439.000000 531.500000 136.000000 136.000000 3.223251
4856974482 894.500000 531.500000 213.000000 213.000000 2.784724
4856974482 2588.500000 1136.500000 182.000000 182.000000 2.610309
4856974482 834.000000 1076.000000 157.000000 157.000000 1.757866
4856974482 955.000000 1076.000000 157.000000 157.000000 1.152038
4880083461 518.500000 388.500000 201.500000 201.500000 817.082214
4880083461 753.500000 583.500000 51.500000 51.500000 7.874316
4880083461 1084.500000 523.500000 51.500000 51.500000 5.652918
4880083461 288.500000 233.500000 78.500000 78.500000 4.861434
4880083461 834.015625 540.812500 68.000000 68.000000 2.292432
4906266640 977.000000 777.000000 182.000000 182.000000 2142.370850
4906266640 1857.000000 687.000000 213.000000 213.000000 553.754211
4906266640 1697.000000 1797.000000 182.000000 182.000000 27.681749
4906266640 2027.000000 1940.000000 182.000000 182.000000 7.091075
4906266640 547.000000 497.000000 103.000000 103.000000 6.467708
4906266640 717.000000 207.000000 118.000000 118.000000 5.760474
4906266640 397.000000 1217.000000 103.000000 103.000000 5.483878
4906266640 2007.000000 1027.000000 103.000000 103.000000 5.321092
4906266640 3057.000000 287.000000 103.000000 103.000000 4.862246
4906266640 2097.000000 2260.000000 103.000000 103.000000 4.648306
4906266640 973.625000 918.812500 213.000000 213.000000 3.741945
4906266640 315.875000 754.375000 292.000000 292.000000 3.368397
4906266640 2015.062500 754.375000 182.000000 182.000000 1.349414
4906266640 1905.437500 864.000000 182.000000 182.000000 1.333392
4906266640 1138.062500 809.187500 182.000000 182.000000 1.149567
4906266640 3166.125000 315.875000 136.000000 136.000000 1.134094
4970182488 597.000000 277.000000 213.000000 213.000000 7945.743164
4970182488 987.781250 787.625000 136.000000 136.000000 2.047184
5002723411 1577.000000 617.000000 213.000000 213.000000 18195.062500
5002723411 957.000000 467.000000 213.000000 213.000000 5191.826172
5002723411 587.000000 367.000000 213.000000 213.000000 1671.259644
5002723411 1892.515625 562.250000 249.000000 249.000000 8.595572
5002723411 957.734375 1425.125000 182.000000 104.875000 6.916120
5002723411 1807.000000 307.000000 103.000000 103.000000 6.489174
5007442 57.500000 233.500000 280.500000 280.500000 3458.149658
5007442 713.500000 185.500000 310.500000 331.000000 588.542603
5007442 441.500000 345.500000 59.000000 59.000000 3.043247
5007442 505.500000 329.500000 51.500000 51.500000 2.778309
5020454673 144.125000 294.750000 331.000000 331.000000 1321.354004
5020454673 159.187500 671.312500 124.500000 124.500000 5.404965
5020454673 430.500000 643.500000 51.500000 51.500000 3.757223
5020454673 8.562500 219.437500 51.500000 51.500000 2.088829
5020454673 505.625000 565.875000 59.000000 59.000000 1.099688
5065140719 1427.000000 417.000000 182.000000 182.000000 2549.811768
5065140719 1613.000000 1007.000000 213.000000 213.000000 1068.877319
5065140719 257.000000 987.000000 182.000000 182.000000 786.244690
5065140719 507.000000 1177.000000 136.000000 136.000000 102.480751
5065140719 1087.000000 1437.000000 136.000000 136.000000 7.851266
5065140719 1537.000000 1404.000000 118.000000 118.000000 7.684270
5065140719 317.000000 1364.000000 103.000000 103.000000 6.195001
5065140719 757.000000 767.000000 182.000000 182.000000 5.964522
5065140719 1097.000000 987.000000 118.000000 118.000000 5.659329
5065140719 1963.000000 1437.000000 103.000000 103.000000 4.728813
5065140719 1743.000000 827.000000 103.000000 103.000000 4.593221
507521047 723.218750 281.546875 237.500000 237.500000 560.550293
507521047 728.500000 213.500000 68.000000 68.000000 23.954573
507521047 377.562500 358.359375 201.500000 201.500000 16.328005
5082623456 1007.000000 233.000000 136.000000 136.000000 2079.938477
5082623456 507.000000 127.000000 103.000000 103.000000 1105.966309
5082623456 67.000000 117.000000 103.000000 103.000000 557.821289
5082623456 467.000000 267.000000 103.000000 103.000000 6.792193
5083671561 397.000000 827.000000 182.000000 182.000000 5840.693848
5083671561 1647.000000 1707.000000 182.000000 182.000000 3287.243408
5083671561 1815.000000 1167.000000 182.000000 182.000000 2626.140137
5083671561 1837.000000 1507.000000 182.000000 182.000000 2503.842773
5083671561 1037.000000 467.000000 213.000000 213.000000 1842.031006
5083671561 347.000000 1657.000000 182.000000 182.000000 1677.928711
5083671561 1976.000000 1517.000000 249.000000 249.000000 71.293564
5083671561 446.000000 956.000000 182.000000 182.000000 23.218464
5083671561 1457.000000 2597.000000 103.000000 103.000000 21.891809
5083671561 1874.000000 1670.000000 182.000000 182.000000 15.463449
5083671561 548.000000 854.000000 182.000000 182.000000 14.567032
5083671561 1874.000000 1313.000000 182.000000 182.000000 10.958612
5083671561 1670.000000 1874.000000 157.000000 157.000000 9.431520
5083671561 2135.000000 1307.000000 136.000000 136.000000 6.280439
5083671561 1137.000000 1507.000000 136.000000 136.000000 5.888502
5083671561 1976.000000 1211.000000 182.000000 182.000000 5.344994
5083671561 857.000000 1567.000000 103.000000 103.000000 5.134731
5083671561 497.000000 1721.000000 136.000000 136.000000 2.374331
5083671561 395.000000 1823.000000 136.000000 136.000000 1.103045
5106695994 1537.000000 537.000000 213.000000 213.000000 12380.072266
5106695994 237.000000 527.000000 213.000000 213.000000 10151.956055
5106695994 657.000000 647.000000 182.000000 182.000000 7201.351562
5106695994 1947.000000 647.000000 182.000000 182.000000 6014.518555
5106695994 1277.000000 527.000000 213.000000 213.000000 5529.092773
5106695994 2287.000000 557.000000 182.000000 182.000000 2713.157227
5106695994 2490.000000 427.000000 182.000000 182.000000 92.953766
5106695994 2077.390625 683.796875 182.000000 182.000000 59.755157
5106695994 1984.484375 776.703125 182.000000 182.000000 51.161591
5106695994 1557.000000 727.000000 182.000000 182.000000 30.623920
5106695994 2356.109375 683.796875 182.000000 182.000000 28.402205
5106695994 2340.000000 407.000000 103.000000 103.000000 27.884930
5106695994 1380.593750 637.343750 213.000000 213.000000 23.142811
5106695994 405.078125 590.890625 182.000000 182.000000 21.668585
5106695994 1705.765625 590.890625 182.000000 182.000000 18.245804
5106695994 2449.015625 590.890625 182.000000 182.000000 15.983290
5106695994 1167.000000 337.000000 157.000000 157.000000 13.905284
5106695994 683.796875 776.703125 182.000000 182.000000 12.324487
5106695994 1877.000000 457.000000 157.000000 157.000000 11.763011
5106695994 312.171875 683.796875 182.000000 182.000000 9.756251
5106695994 683.796875 1334.140625 182.000000 182.000000 8.083375
5106695994 1817.000000 397.000000 118.000000 118.000000 8.072639
5106695994 1217.000000 1555.000000 103.000000 103.000000 7.012592
5106695994 497.984375 1566.406250 403.000000 291.593750 6.909218
5106695994 2640.000000 1527.000000 103.000000 103.000000 6.031084
5106695994 1334.140625 916.062500 103.000000 103.000000 6.006566
5106695994 916.062500 1380.593750 136.000000 136.000000 5.327834
5106695994 2495.468750 1148.328125 103.000000 103.000000 2.454166
5106695994 1705.765625 1519.953125 249.000000 249.000000 2.295507
5144909700 127.000000 477.000000 213.000000 213.000000 8216.824219
5144909700 747.000000 467.000000 213.000000 213.000000 4987.803223
5144909700 427.000000 417.000000 213.000000 213.000000 4922.319824
5144909700 607.000000 1335.000000 157.000000 157.000000 19.723074
5144909700 539.000000 997.000000 103.000000 103.000000 8.994514
5144909700 127.000000 1027.000000 136.000000 136.000000 6.221231
5144909700 446.000000 1121.000000 213.000000 213.000000 1.769362
5146483815 243.500000 181.000000 201.500000 201.500000 219.504700
5146483815 583.500000 360.500000 124.500000 124.500000 26.901472
5146483815 118.500000 83.500000 51.500000 51.500000 6.032651
5146483815 106.000000 331.000000 51.500000 51.500000 1.606750
5151536225 1055.750000 414.500000 403.000000 403.000000 819.980286
5151536225 177.000000 477.000000 249.000000 249.000000 529.368347
5151536225 1787.000000 567.000000 213.000000 213.000000 111.969780
5151536225 1797.000000 2028.000000 213.000000 213.000000 21.041819
5151536225 1517.000000 997.000000 118.000000 118.000000 8.943328
5151536225 937.000000 107.000000 157.000000 157.000000 6.303586
5151536225 2017.000000 2448.000000 103.000000 103.000000 5.485471
5169701116 457.000000 397.000000 182.000000 182.000000 83.325172
5169701116 1397.000000 377.000000 213.000000 213.000000 83.154747
5169701116 1277.000000 177.000000 182.000000 182.000000 29.659489
5169701116 1347.000000 970.000000 118.000000 118.000000 20.224566
5169701116 565.125000 738.562500 157.000000 157.000000 19.051174
5169701116 796.375000 738.562500 342.000000 342.000000 11.624599
5169701116 97.000000 537.000000 103.000000 103.000000 6.206376
5169701116 1229.968750 1114.343750 103.000000 103.000000 4.785003
5188566452 523.500000 358.500000 237.500000 237.500000 18644.156250
5188566452 53.500000 513.500000 51.500000 51.500000 6.634245
5188566452 203.500000 583.500000 59.000000 59.000000 5.957792
5188566452 1108.500000 803.500000 51.500000 51.500000 5.905028
5188566452 1088.500000 623.500000 51.500000 51.500000 5.697807
5188566452 893.500000 428.500000 78.500000 78.500000 5.623213
5188566452 438.500000 428.500000 51.500000 51.500000 4.927658
5188566452 908.500000 108.500000 78.500000 78.500000 4.783157
5201079592 156.953125 260.968750 171.000000 171.000000 267.126678
5201079592 335.265625 38.078125 171.000000 171.000000 33.887085
5201079592 258.500000 83.500000 51.500000 51.500000 4.707283
5204730083 2517.000000 827.000000 249.000000 249.000000 1175.239624
5204730083 1427.000000 1557.000000 213.000000 213.000000 1078.829956
5204730083 1747.000000 1137.000000 157.000000 157.000000 1065.331787
5204730083 1147.000000 1167.000000 157.000000 157.000000 411.600159
5204730083 337.000000 1017.000000 182.000000 182.000000 324.090637
5204730083 2007.000000 997.000000 157.000000 157.000000 246.201111
5204730083 777.000000 1017.000000 157.000000 157.000000 38.680660
5204730083 867.000000 2036.000000 182.000000 182.000000 31.171139
5204730083 967.000000 1577.000000 136.000000 136.000000 31.018881
5204730083 1597.000000 1087.000000 118.000000 118.000000 27.699326
5204730083 447.000000 1577.000000 182.000000 182.000000 27.372229
5204730083 249.031250 2030.843750 249.000000 249.000000 24.547443
5204730083 1777.000000 1607.000000 136.000000 136.000000 8.378301
5204730083 2891.000000 1587.000000 136.000000 136.000000 7.683525
5204730083 2027.000000 707.000000 118.000000 118.000000 7.467266
5204730083 563.468750 353.843750 249.000000 249.000000 6.755843
5204730083 1627.000000 327.000000 103.000000 103.000000 5.597408
5204730083 2741.000000 57.000000 103.000000 103.000000 4.803600
5204730083 2135.656250 1035.125000 136.000000 136.000000 2.040570
5204730083 1559.187500 2240.468750 403.000000 388.531250 1.279087
5204730083 1821.218750 1244.750000 136.000000 136.000000 1.246867
5204730083 2397.687500 877.906250 103.000000 103.000000 1.216098
5204730083 1192.343750 1297.156250 157.000000 157.000000 1.080459
5204730083 144.218750 2240.468750 157.000000 157.000000 1.024681
5227275045 323.500000 128.500000 68.000000 68.000000 5431.588867
5227275045 512.500000 133.500000 91.000000 91.000000 762.025513
5227275045 468.500000 188.500000 51.500000 51.500000 258.758820
5227275045 118.500000 358.500000 78.500000 78.500000 27.020727
5227275045 777.500000 293.500000 51.500000 59.000000 7.231871
5227275045 498.671875 356.187500 146.000000 146.000000 7.084110
5227275045 369.140625 148.937500 68.000000 68.000000 2.309681
5227275045 71.218750 239.609375 59.000000 59.000000 1.016115
52381600 410.500000 353.500000 91.000000 91.000000 22.287527
52381600 468.500000 431.000000 106.500000 106.500000 12.802483
52381600 188.500000 333.500000 68.000000 68.000000 6.388382
5301057994 717.000000 1008.000000 182.000000 182.000000 1855.917603
5301057994 1031.000000 577.000000 103.000000 103.000000 6.182492
539722510 383.500000 248.500000 201.500000 201.500000 11419.259766
539722510 123.500000 118.500000 106.500000 106.500000 68.131989
539722510 803.500000 383.500000 91.000000 91.000000 25.218338
539722510 743.500000 508.500000 59.000000 59.000000 13.978231
539722510 253.500000 428.500000 68.000000 68.000000 13.840718
539722510 218.500000 343.500000 59.000000 59.000000 11.363154
539722510 648.500000 548.500000 59.000000 59.000000 5.968702
539722510 458.500000 488.500000 91.000000 91.000000 5.794238
539722510 238.500000 553.500000 78.500000 78.500000 5.148102
539722510 108.500000 288.500000 59.000000 59.000000 3.290030
539722510 698.500000 593.500000 51.500000 46.500000 1.957849
5452623 597.000000 307.000000 213.000000 213.000000 2413.575195
5452623 667.000000 67.000000 292.000000 292.000000 7.178395
5452623 827.000000 667.000000 103.000000 103.000000 5.693576
5452623 887.000000 727.000000 157.000000 157.000000 2.085011
56054945 707.000000 477.000000 182.000000 182.000000 7384.255371
56054945 1878.000000 1100.000000 118.000000 118.000000 6.544051
59354095 307.000000 277.000000 182.000000 182.000000 29483.886719
59354095 547.000000 287.000000 213.000000 213.000000 19124.617188
59354095 848.000000 307.000000 249.000000 249.000000 9970.847656
59354095 141.328125 802.734375 342.000000 342.000000 9.489522
642820626 517.000000 357.000000 249.000000 249.000000 9011.104492
642820626 917.000000 687.000000 103.000000 103.000000 7.549260
658607626 382.468750 324.843750 237.500000 237.500000 1069.307983
70037463 1017.000000 517.000000 249.000000 249.000000 26292.906250
70037463 507.000000 317.000000 182.000000 182.000000 5507.963867
70037463 787.000000 487.000000 103.000000 103.000000 4.695822
70037463 1037.000000 997.000000 103.000000 103.000000 4.538757
719902933 1027.000000 497.000000 157.000000 157.000000 1592.123291
719902933 727.000000 447.000000 213.000000 213.000000 523.816589
719902933 327.000000 307.000000 342.000000 342.000000 213.580734
719902933 647.000000 527.000000 103.000000 103.000000 25.956360
719902933 1059.187500 990.750000 136.000000 136.000000 6.455687
719902933 1310.125000 534.500000 149.875000 213.000000 1.410552
79378097 287.000000 857.000000 249.000000 249.000000 5680.062012
79378097 1267.000000 457.000000 136.000000 136.000000 3723.316650
79378097 727.000000 67.000000 118.000000 118.000000 2848.999756
79378097 987.000000 227.000000 136.000000 136.000000 2632.450439
79378097 1047.000000 407.000000 136.000000 136.000000 1455.367310
79378097 787.000000 877.000000 213.000000 213.000000 85.295326
79378097 812.000000 87.000000 118.000000 118.000000 24.180334
79378097 787.000000 417.000000 103.000000 103.000000 7.798281
79378097 1017.000000 1027.000000 136.000000 136.000000 6.362126
79378097 1362.000000 487.000000 136.000000 136.000000 6.137658
79378097 1357.000000 947.000000 118.000000 118.000000 5.753582
79378097 1162.000000 437.000000 103.000000 103.000000 1.219315
815038 647.000000 647.000000 182.000000 182.000000 4118.399902
815038 37.000000 427.000000 213.000000 213.000000 527.486023
815038 77.000000 977.000000 213.000000 213.000000 29.520325
815038 617.000000 1179.500000 182.000000 182.000000 2.038833
82161078 296.031250 252.812500 280.500000 280.500000 6081.738281
82161078 603.500000 318.500000 78.500000 78.500000 24.655766
82161078 123.156250 22.312500 91.000000 91.000000 10.511015
823016568 927.000000 267.000000 249.000000 249.000000 4092.228516
823016568 466.453125 466.453125 249.000000 249.000000 2947.634766
823016568 1062.000000 647.000000 182.000000 182.000000 92.389687
823016568 717.000000 897.000000 136.000000 136.000000 40.995262
823016568 1002.000000 1127.000000 103.000000 103.000000 18.963219
823016568 797.000000 977.000000 136.000000 136.000000 7.766573
823016568 163.640625 1122.546875 213.000000 197.453125 1.430836
823016568 1147.781250 1198.250000 157.000000 121.750000 1.356929
878985234 224.000000 209.593750 237.500000 237.500000 2329.439453
878985234 123.500000 810.500000 78.500000 78.500000 4.518033
88094323 378.500000 113.500000 201.500000 201.500000 90.442368
88094323 57.562500 352.250000 91.000000 91.000000 29.106169
88094323 188.500000 198.500000 78.500000 78.500000 26.488792
88094323 368.500000 457.500000 51.500000 51.500000 5.444162
88094323 134.437500 83.187500 51.500000 51.500000 4.045610
88094323 352.250000 377.875000 51.500000 51.500000 1.044900
899545263 303.500000 183.500000 124.500000 124.500000 159.562851
899545263 518.500000 399.500000 51.500000 51.500000 9.700415
899545263 123.500000 128.500000 59.000000 59.000000 7.115813
899545263 178.500000 68.500000 59.000000 59.000000 6.694582
899545263 343.500000 314.500000 59.000000 59.000000 4.895977
899545263 493.500000 43.500000 59.000000 59.000000 4.858286
899545263 553.500000 473.500000 51.500000 37.500000 2.061672
90800092 587.000000 405.000000 118.000000 118.000000 1127.004395
90800092 1156.000000 377.000000 136.000000 136.000000 469.361786
90800092 307.000000 457.000000 118.000000 118.000000 396.981689
90800092 1296.000000 455.000000 103.000000 103.000000 68.605484
90800092 507.000000 655.000000 136.000000 136.000000 68.381386
90800092 827.000000 357.000000 136.000000 136.000000 32.254036
90800092 837.000000 735.000000 182.000000 182.000000 30.635725
90800092 550.859375 894.078125 103.000000 103.000000 6.384669
91328372 93.500000 198.500000 171.000000 171.000000 579.473938
91328372 543.500000 156.000000 56.500000 68.000000 5.781539
91328372 453.500000 98.500000 51.500000 51.500000 5.233668
91328372 468.500000 358.500000 51.500000 51.500000 4.414395
91328372 506.000000 43.500000 59.000000 59.000000 1.543663
91328372 43.500000 306.000000 51.500000 51.500000 1.494906
9545523490 363.500000 139.500000 171.000000 171.000000 6613.291016
9545523490 183.500000 148.500000 146.000000 146.000000 4486.699707
9545523490 68.500000 369.500000 51.500000 51.500000 7.396827
955659370 737.000000 517.000000 292.000000 292.000000 24046.552734
955659370 127.000000 699.000000 182.000000 182.000000 1334.250610
955659370 1077.000000 567.000000 136.000000 136.000000 5.748433
