1004109301 196.000000 291.000000 277.000000 265.000000
111076519 1036.000000 602.000000 163.000000 163.000000
111076519 1117.000000 743.000000 151.000000 139.000000
1139324862 218.141952 189.479848 211.088720 225.494804
1204062305 424.000000 264.000000 230.000000 206.000000
1224897301 59.371119 126.953791 273.127076 341.008664
1254885428 350.730731 242.075099 319.209486 322.211462
1254885428 1176.274209 522.759881 280.183794 260.670949
1295311477 666.993124 509.997860 223.434973 258.556284
1295311477 1527.465255 322.684199 213.679053 239.044444
1361196352 187.387574 225.446746 126.727811 141.875740
1361196352 685.754438 173.943787 207.011834 225.189349
1372188757 224.201923 259.771154 212.692308 191.030769
14424972 143.000000 771.500000 235.000000 217.000000
14424972 932.000000 771.500000 199.000000 244.000000
14424972 1367.000000 732.500000 178.000000 304.000000
156474078 191.824736 323.688746 190.073857 175.067995
156474078 802.563306 296.678195 212.582649 218.584994
1587030290 790.435207 183.262189 258.666272 325.230059
1587030290 2205.452485 279.887041 252.224615 224.310769
1634816 389.912153 486.399604 220.096433 205.089828
1636651575 521.812500 177.375000 260.875000 223.750000
1648807314 635.500000 429.500000 217.000000 235.000000
1648807314 1275.500000 407.500000 223.000000 219.000000
1648807314 1619.500000 263.500000 109.000000 109.000000
170817766 113.750000 273.750000 214.000000 223.000000
170817766 827.750000 251.750000 244.000000 266.000000
1709378501 407.000000 192.000000 250.000000 283.000000
174692320 401.100000 102.500000 200.800000 195.400000
174692320 1219.200000 186.200000 346.600000 338.500000
174692320 1618.800000 656.000000 505.900000 511.300000
1814664578 224.837632 358.202227 124.048066 115.044549
1814664578 816.068581 413.723916 136.052755 113.543962
18489332 115.364865 83.082583 106.105105 106.105105
18489332 349.599099 84.584084 89.588589 104.603604
18489332 523.773273 81.581081 125.624625 118.117117
18489332 777.527027 71.070571 91.090090 95.594595
18489332 124.373874 395.394895 98.597598 103.102102
18489332 327.076577 389.388889 104.603604 115.114114
18489332 526.776276 392.391892 113.612613 115.114114
18489332 764.013514 408.908408 115.114114 115.114114
18489332 122.872372 704.704204 94.093093 101.600601
18489332 342.091592 683.683183 107.606607 118.117117
18489332 535.785285 707.707207 94.093093 104.603604
18489332 741.490991 706.205706 110.609610 113.612613
199759840 366.000000 139.000000 190.000000 182.000000
2030653815 736.461493 507.723316 204.789696 181.679524
2043831280 434.000000 334.000000 223.000000 196.000000
2043831280 1712.000000 883.000000 166.000000 148.000000
2043831280 1616.000000 247.000000 58.000000 61.000000
2118625994 927.500000 931.500000 193.000000 181.000000
2120936774 329.018563 313.909581 280.185629 238.758084
2120936774 822.546707 357.138323 233.354491 175.716168
213654866 263.000000 381.000000 199.000000 190.000000
213654866 605.000000 546.000000 172.000000 166.000000
213654866 1415.000000 600.000000 142.000000 133.000000
213654866 2171.000000 717.000000 193.000000 166.000000
2147052512 351.716825 350.034360 356.336493 367.440758
2147052512 895.825829 296.531991 187.753555 205.924171
2186255795 535.896327 331.492299 110.151659 119.247630
2186255795 715.794431 338.566943 85.895735 81.853081
2233672250 292.369149 383.414313 210.384913 203.630561
2233672250 577.402805 226.713346 210.384913 213.086654
2239710476 547.000000 891.000000 145.000000 202.000000
2239710476 1081.000000 552.000000 220.000000 214.000000
2239710476 1108.000000 966.000000 298.000000 307.000000
2239710476 2464.000000 774.000000 376.000000 373.000000
225191079 382.399179 67.088511 208.080891 232.090270
2266416332 218.750000 221.750000 305.500000 290.500000
22699817 241.500000 429.500000 171.000000 173.000000
22699817 1449.500000 477.500000 281.000000 365.000000
2288136183 746.532840 474.950592 224.924260 237.194083
2312639559 819.568639 923.515385 200.384615 194.249704
2353849 269.500000 565.500000 211.000000 241.000000
2353849 967.500000 479.500000 159.000000 161.000000
2372995574 252.209906 374.615566 140.033019 132.603774
237815567 971.000000 263.000000 190.000000 178.000000
237815567 236.000000 644.000000 211.000000 199.000000
237815567 1499.000000 848.000000 178.000000 148.000000
237815567 2321.000000 743.000000 154.000000 142.000000
237815567 2105.000000 1190.000000 205.000000 193.000000
237815567 1112.000000 1124.000000 196.000000 178.000000
237815567 632.000000 1187.000000 220.000000 178.000000
2404040793 139.000000 331.000000 392.000000 383.000000
2417212918 599.000000 706.500000 142.000000 130.000000
2417212918 1007.000000 1183.500000 124.000000 118.000000
2417212918 1442.000000 847.500000 106.000000 106.000000
2417212918 1655.000000 1204.500000 115.000000 121.000000
2417212918 2144.000000 949.500000 97.000000 88.000000
2437602091 1.427064 146.267890 272.314220 281.327982
2451065225 189.000000 158.000000 191.000000 186.000000
250277765 282.000000 153.000000 195.000000 199.000000
250277765 591.000000 212.000000 155.000000 151.000000
2542662563 183.800000 109.400000 279.400000 297.000000
2580479214 286.428705 475.171670 169.105066 169.105066
2580479214 883.802064 433.145403 97.060038 113.570356
261068 232.000000 137.000000 107.000000 110.000000
261068 412.000000 175.000000 98.000000 93.000000
2653111362 349.000000 124.000000 111.000000 113.000000
270814102 945.200000 707.400000 215.400000 218.600000
270814102 250.800000 630.600000 247.400000 250.600000
2715171150 348.645306 155.135510 213.977959 213.977959
281972218 644.475000 477.075000 199.900000 198.200000
281972218 911.375000 278.175000 295.100000 274.700000
2844520516 61.000000 107.000000 245.000000 225.000000
2863107962 140.837711 208.003752 128.579737 121.075047
2863107962 377.985929 159.973734 131.581614 115.071295
2863107962 598.623827 770.855535 134.583490 131.581614
2911658494 176.000000 146.000000 218.000000 221.000000
2911658494 389.000000 480.000000 182.000000 136.000000
2939015820 239.000000 166.000000 214.000000 234.000000
3062021448 438.490521 273.357820 289.710900 285.672986
3062021448 1334.907583 412.665877 190.781991 178.668246
3089202157 335.500000 850.500000 257.000000 209.000000
3089202157 1043.500000 666.500000 201.000000 185.000000
3089202157 1783.500000 878.500000 233.000000 173.000000
310076750 437.345662 298.072509 217.084408 206.280188
3187108438 482.012500 304.912500 219.400000 193.400000
3210734866 209.330952 162.826190 121.190476 130.204762
3284354538 530.950000 662.550000 236.200000 239.000000
3284354538 1286.950000 701.750000 197.000000 183.000000
3284354538 2174.550000 561.750000 211.000000 202.600000
3331716292 166.000000 185.000000 227.000000 219.000000
342149506 495.538507 369.296801 194.208531 244.412322
342149506 1199.912915 306.922393 218.549763 229.199052
3464901851 711.500000 508.500000 229.000000 224.200000
346731834 237.909191 520.956985 197.890441 209.095588
347629355 848.800000 503.200000 281.800000 262.600000
347629355 1158.400000 623.200000 265.000000 195.400000
347826333 338.100000 289.800000 231.400000 207.400000
347826333 659.700000 211.800000 298.600000 295.000000
3576294411 782.891784 274.429860 233.116232 237.118236
3576294411 1299.150301 398.491984 193.096192 209.104208
364259537 813.500000 465.500000 143.000000 139.000000
364259537 1581.500000 563.500000 159.000000 167.000000
3662810723 970.500000 983.500000 281.000000 357.000000
3662810723 1562.500000 727.500000 329.000000 341.000000
3662810723 2258.500000 1023.500000 337.000000 373.000000
3662810723 3026.500000 639.500000 237.000000 209.000000
3684472818 822.975000 224.775000 256.200000 254.000000
3684472818 1051.775000 383.175000 225.400000 207.800000
368987306 734.524619 371.816530 178.069168 199.077374
37096733 400.400000 278.000000 215.800000 226.600000
37096733 810.800000 197.600000 262.600000 249.400000
3729198156 97.000000 1101.000000 409.000000 445.000000
3729198156 358.000000 645.000000 319.000000 280.000000
3729198156 673.000000 546.000000 193.000000 232.000000
3729198156 1117.000000 552.000000 175.000000 166.000000
3729198156 1048.000000 219.000000 184.000000 169.000000
3729198156 2146.000000 888.000000 442.000000 481.000000
3729198156 2644.000000 276.000000 247.000000 211.000000
3729198156 2518.000000 222.000000 160.000000 178.000000
3796238727 505.500000 343.500000 257.500000 271.000000
3796238727 980.250000 471.750000 208.000000 226.000000
3796238727 1702.500000 422.250000 347.500000 345.250000
3854178896 313.283161 151.012992 216.459662 200.249531
3858593140 175.000000 94.000000 126.000000 106.000000
3858593140 465.000000 241.000000 126.000000 124.000000
3873491482 283.700000 210.900000 204.200000 214.600000
3893740955 550.175000 615.775000 199.000000 203.400000
3893740955 1551.175000 644.375000 207.800000 218.800000
3929640120 216.000000 80.000000 142.000000 179.000000
3944399031 405.660529 686.736776 194.928942 205.135729
3944399031 923.654940 303.982285 248.514571 279.134930
3989161 169.750000 224.175000 215.200000 215.200000
399829006 215.000000 211.000000 163.000000 161.000000
40014967 186.000000 168.000000 181.000000 200.000000
4017305068 432.000000 157.000000 88.000000 98.000000
4022732812 560.000000 940.000000 214.000000 223.000000
4022732812 890.000000 394.000000 205.000000 223.000000
4022732812 1247.000000 1177.000000 298.000000 187.000000
4022732812 1901.000000 526.000000 121.000000 133.000000
406798473 307.369871 383.712192 139.053927 128.549824
406798473 514.450762 416.725088 136.052755 130.050410
406798473 817.569168 430.230363 151.058617 146.556858
4082680322 314.866508 201.119785 101.691299 121.524434
4141887018 483.588746 150.908792 217.084408 211.082063
4174638819 149.351933 140.774295 289.700522 257.889446
4237203680 619.105244 411.189154 223.436234 250.622884
4237203680 855.134803 384.002503 228.379261 238.265316
4250120238 356.234679 189.492399 202.377672 271.641330
4253907822 213.750000 182.750000 230.000000 229.000000
4285163979 535.432958 766.876151 199.135107 178.120778
4285163979 799.613101 760.872057 190.128966 193.131013
4285163979 1117.830092 394.622313 139.094166 154.104401
4285163979 1442.051177 475.677584 127.085977 133.090072
4285163979 1198.885363 643.792221 94.063460 94.063460
4285163979 1273.936540 835.923234 157.106448 157.106448
4285163979 1586.149437 769.878199 175.118731 169.114637
4285163979 2006.436029 454.663255 157.106448 151.102354
4285163979 2219.581372 493.689867 202.137155 190.128966
4285163979 1901.364381 502.696008 136.092119 133.090072
432269399 265.790488 105.762188 264.746968 276.159096
4332978153 214.100000 162.900000 379.400000 350.600000
4337161543 277.654605 108.412281 116.668860 146.712719
4351876664 144.750000 383.550000 272.200000 251.800000
435926861 76.000000 145.000000 113.000000 109.000000
435926861 588.000000 229.000000 118.000000 108.000000
437595409 325.513779 248.955321 201.736835 196.633356
442651885 477.861489 222.442966 207.630715 230.589683
4470478982 2067.550209 506.649136 214.168057 255.874851
4471110141 114.600000 262.200000 281.800000 253.000000
4471110141 426.000000 683.400000 226.000000 202.600000
447910249 420.951981 238.137212 195.493372 233.311527
448291547 417.053676 483.855147 131.095588 187.136765
448291547 949.444853 407.799265 169.123529 177.129412
448291547 1643.955147 463.840441 125.091176 129.094118
4492032921 365.328750 159.746250 207.132143 219.000357
45092961 631.887510 466.901158 121.049628 115.047146
45092961 942.015715 510.919355 119.048801 109.044665
4512714865 319.700000 150.100000 212.200000 217.800000
4520272436 460.575000 167.175000 203.500000 240.400000
4553922208 1239.900000 431.100000 406.600000 387.400000
4553922208 1794.300000 515.100000 341.800000 346.600000
4553922208 1.500000 709.500000 195.400000 205.000000
4555082379 615.088677 276.985221 205.660787 222.921335
4560029166 245.000000 129.000000 142.000000 165.000000
4584451140 549.724273 151.809257 219.778471 192.768784
4584451140 1297.892626 573.160388 206.273628 206.273628
4683040401 355.275000 722.475000 211.600000 208.900000
4683040401 903.375000 609.075000 222.400000 195.400000
4739664721 383.100000 213.900000 207.100000 229.600000
4758145781 516.250000 285.750000 280.000000 320.500000
4758145781 1312.750000 378.000000 241.750000 246.250000
4758145781 2287.000000 110.250000 205.750000 237.250000
47618649 209.500000 239.500000 159.000000 145.000000
47618649 597.500000 93.500000 129.000000 137.000000
4774338842 570.572714 519.233910 228.038687 240.793669
4774338842 1430.258529 473.315973 202.528722 199.977726
4801259916 335.890707 235.656151 212.167107 238.187698
4821642 281.300657 187.304409 247.904315 221.637899
4856974482 1051.389154 598.297378 266.687723 272.866508
4856974482 779.522646 505.615614 164.737783 164.737783
4856974482 547.818236 706.426103 143.112038 136.933254
4856974482 10.264005 134.888558 109.128725 124.575685
4856974482 1122.445173 85.458284 109.128725 124.575685
4856974482 1347.970799 474.721692 152.380215 146.201430
4856974482 2157.391538 252.285459 118.396901 124.575685
4856974482 3587.780095 144.156734 140.022646 133.843862
4856974482 3454.936234 289.358164 93.681764 155.469607
4856974482 2426.168653 1046.259237 245.061979 223.436234
4856974482 3189.248510 993.739571 167.827175 149.290822
4856974482 1548.781287 1642.511919 235.793802 238.883194
4856974482 1042.120977 1982.345054 248.151371 238.883194
4856974482 2830.879023 1750.640644 285.224076 275.955900
4880083461 497.250000 372.500000 244.000000 199.000000
4970182488 578.605189 277.059906 208.339623 191.528302
5002723411 584.100000 358.650000 219.400000 221.500000
5002723411 966.300000 467.850000 206.800000 196.300000
5002723411 1579.500000 606.450000 213.100000 215.200000
5007442 34.750000 213.750000 288.000000 276.000000
5007442 670.750000 139.750000 351.000000 353.000000
5020454673 128.750000 298.000000 344.500000 329.500000
5065140719 1427.000000 421.000000 172.000000 157.000000
5065140719 209.000000 982.000000 208.000000 187.000000
5065140719 1580.000000 982.000000 211.000000 244.000000
5083671561 382.500000 822.500000 201.000000 193.000000
5083671561 342.500000 1658.500000 169.000000 137.000000
5083671561 1018.500000 438.500000 229.000000 257.000000
5083671561 1622.500000 1702.500000 197.000000 153.000000
5083671561 1826.500000 1470.500000 261.000000 233.000000
5083671561 1834.500000 1142.500000 185.000000 201.000000
5144909700 137.013380 468.280986 201.112676 217.338028
5144909700 450.703521 395.266901 198.408451 230.859155
5144909700 764.393662 449.351408 214.633803 241.676056
5146483815 257.000000 174.000000 170.000000 198.000000
5151536225 1006.379167 381.270833 420.625000 355.350000
5151536225 164.020833 458.979167 255.883333 246.558333
5151536225 1805.220833 567.770833 175.066667 203.041667
5188566452 510.800000 328.400000 262.600000 266.200000
5201079592 95.500000 198.700000 221.800000 232.600000
5204730083 307.500000 1020.500000 169.000000 169.000000
5204730083 739.500000 1000.500000 173.000000 153.000000
5204730083 1139.500000 1168.500000 145.000000 145.000000
5204730083 1431.500000 1552.500000 197.000000 181.000000
5204730083 1739.500000 1132.500000 153.000000 149.000000
5204730083 2007.500000 988.500000 157.000000 149.000000
5204730083 2483.500000 808.500000 277.000000 289.000000
5227275045 512.000000 126.000000 96.000000 96.000000
5227275045 472.000000 188.000000 37.000000 40.000000
5227275045 323.000000 126.000000 63.000000 67.000000
52381600 264.000000 251.000000 298.000000 334.000000
5301057994 713.534565 1001.619190 172.404052 190.768772
539722510 371.200000 213.600000 220.200000 229.000000
5452623 592.481243 298.178781 200.577960 209.581477
56054945 696.278429 465.888042 178.069168 220.085580
59354095 300.511257 263.550657 182.613508 187.116323
59354095 548.166041 277.059099 206.628518 206.628518
59354095 843.850844 295.070356 248.654784 256.159475
642820626 513.720826 357.323077 243.551595 227.941839
658607626 319.236949 280.070322 319.459118 258.529440
79378097 296.935272 845.903377 262.163227 230.643527
79378097 751.719512 811.381801 250.155722 272.669794
79378097 1051.907129 403.126642 134.583490 125.577861
79378097 1260.537523 451.156660 155.596623 125.577861
79378097 990.368668 215.509381 146.590994 140.587242
79378097 711.194184 62.413696 133.082552 110.568480
815038 33.750000 426.150000 222.400000 197.200000
815038 629.550000 627.750000 204.400000 202.600000
82161078 241.800000 229.050000 319.600000 285.400000
823016568 413.350000 446.350000 269.200000 262.000000
823016568 924.550000 286.150000 209.800000 208.000000
823016568 1066.750000 617.350000 206.200000 186.400000
878985234 230.400000 201.825000 258.850000 241.300000
88094323 364.800000 119.200000 224.200000 236.200000
899545263 257.000000 153.000000 155.000000 152.000000
90800092 295.250000 452.750000 109.000000 112.000000
90800092 581.750000 401.750000 110.500000 116.500000
90800092 844.250000 359.750000 107.500000 112.000000
90800092 1157.750000 370.250000 110.500000 121.000000
91328372 73.000000 191.000000 188.000000 167.000000
9545523490 127.000000 146.000000 167.000000 155.000000
9545523490 363.000000 142.000000 154.000000 145.000000
955659370 80.800000 667.800000 244.000000 209.800000
955659370 727.000000 502.200000 314.200000 346.600000
1051618982 476.738824 228.816471 227.557647 218.247059
1051618982 1109.858824 334.336471 143.762353 193.418824
1130084326 467.500000 505.500000 223.000000 223.000000
1130084326 945.500000 223.500000 181.000000 197.000000
1130084326 1589.500000 517.500000 233.000000 225.000000
120563545 234.915786 251.610634 239.605020 230.601057
134212 156.750000 212.750000 210.000000 189.000000
134212 703.750000 188.750000 224.000000 203.000000
1602308 549.052774 234.967296 226.571665 225.358914
16413031 213.000000 150.000000 174.000000 162.000000
2037185414 308.750000 268.000000 224.500000 212.500000
2037185414 1369.250000 353.500000 166.000000 242.500000
2060241469 262.379261 528.208830 215.346612 218.949076
2080551997 289.000000 150.000000 75.000000 94.000000
2080551997 561.000000 125.000000 87.000000 76.000000
2086996835 335.431523 682.926210 142.487603 146.530106
2086996835 493.089138 699.096222 122.275089 126.317591
2086996835 679.044274 604.097403 130.360094 126.317591
2086996835 864.999410 640.479929 140.466352 136.423849
2086996835 1034.784534 573.778630 152.593861 152.593861
2086996835 1384.461039 545.481110 160.678867 150.572609
2099639490 450.450000 408.600000 253.450000 238.600000
2099639490 802.800000 181.800000 183.250000 191.350000
2122067003 552.249558 204.486307 189.111661 192.501060
2201628776 582.412450 418.784181 188.282431 192.184148
2239259 291.653129 252.856434 360.782763 344.612751
2296215131 401.500000 399.500000 189.000000 201.000000
2296215131 611.500000 513.500000 99.000000 99.000000
2296215131 1097.500000 581.500000 85.000000 91.000000
2296215131 1799.500000 519.500000 79.000000 87.000000
2316734819 338.324850 283.038623 257.670659 217.143713
2329110240 530.260801 379.766596 139.048472 145.050580
2329110240 1076.452582 403.775026 118.041096 127.044257
2329110240 1598.635933 367.762381 124.043203 118.041096
2339510439 519.200000 328.600000 142.600000 248.200000
2339510439 975.200000 703.000000 224.200000 243.400000
2339510439 1947.200000 599.800000 241.000000 229.000000
2392075438 172.000000 385.600000 255.400000 289.000000
2392075438 949.600000 587.200000 209.800000 188.200000
2392075438 1676.800000 560.800000 231.400000 214.600000
2392075438 1955.200000 419.200000 73.000000 80.200000
2392075438 1969.600000 493.600000 349.000000 358.600000
2406586388 1679.528302 183.405071 270.759434 283.021226
2406586388 173.371462 700.443986 150.185142 135.879717
2406586388 657.712264 641.178656 154.272406 135.879717
24795717 184.000000 146.000000 143.000000 142.000000
24795717 429.000000 183.000000 129.000000 139.000000
24795717 603.000000 162.000000 128.000000 130.000000
2519293956 622.000000 283.000000 221.500000 212.500000
2519293956 862.000000 334.000000 212.500000 236.500000
253915276 954.000000 376.200000 191.350000 203.500000
255360810 538.500000 257.750000 230.500000 200.500000
2751381965 995.785071 360.503092 211.351943 199.445230
2751381965 1366.877650 259.296025 227.227562 231.196466
2803423910 379.036773 257.460788 220.737336 224.339587
2803423910 622.789118 293.483302 231.544090 215.934334
2805422179 411.000000 209.000000 140.000000 134.000000
2805422179 545.000000 174.000000 140.000000 141.000000
2805422179 135.000000 197.000000 92.000000 86.000000
2805422179 793.000000 98.000000 63.000000 65.000000
2805422179 216.000000 70.000000 65.000000 70.000000
2805422179 616.000000 31.000000 61.000000 58.000000
3020248483 735.250000 615.750000 331.750000 327.250000
3020248483 1374.250000 807.000000 217.000000 208.000000
3116931144 367.500000 385.250000 181.000000 196.750000
3116931144 1654.500000 452.750000 181.000000 178.750000
3346359383 343.000000 371.000000 220.000000 235.000000
3346359383 1141.000000 434.000000 196.000000 175.000000
3346359383 1981.000000 419.000000 196.000000 178.000000
3363054468 275.971698 334.839623 123.264151 123.264151
3504938758 232.008907 733.991093 177.104513 167.098575
3504938758 1000.464964 467.833135 181.106888 179.105701
3504938758 1722.893705 347.761876 185.109264 161.095012
3532475790 740.424205 452.637633 189.065018 191.202120
3532475790 1122.965548 386.387456 199.750530 193.339223
3722549017 665.250000 512.250000 199.000000 214.750000
3722549017 1491.000000 541.500000 192.250000 219.250000
378492784 276.997208 47.153583 261.191359 315.210327
378492784 542.590464 345.158219 214.374921 227.879663
397921011 353.888042 500.757913 310.120750 323.626026
397921011 645.001758 325.189332 418.162954 466.181712
4009440741 436.200000 228.200000 233.000000 217.000000
4009440741 927.400000 292.200000 231.400000 215.400000
410225851 260.750000 353.750000 121.000000 128.500000
410225851 992.750000 467.750000 148.000000 158.500000
411555970 281.859906 232.152989 143.555686 154.059789
411555970 885.095545 188.635991 119.546307 139.053927
4145388945 597.000000 458.100000 325.000000 323.200000
4145388945 993.000000 582.300000 281.800000 305.200000
4145388945 1772.400000 573.300000 227.800000 195.400000
4239974048 212.100000 610.250000 276.400000 319.750000
4239974048 706.800000 449.600000 238.150000 256.000000
4239974048 1188.750000 370.550000 207.550000 212.650000
4239974048 1601.850000 317.000000 197.350000 202.450000
4400753623 132.500000 586.950000 354.700000 462.700000
4400753623 505.100000 362.850000 319.600000 346.600000
4400753623 991.100000 362.850000 246.700000 222.400000
4400753623 2225.000000 373.650000 203.500000 195.400000
4400753623 2630.000000 549.150000 392.500000 376.300000
442743156 1168.500000 397.500000 189.000000 191.000000
442743156 890.500000 413.500000 139.000000 135.000000
442743156 390.500000 353.500000 129.000000 133.000000
442743156 292.500000 263.500000 123.000000 131.000000
4538917191 754.408127 1351.754417 184.180212 181.127208
4538917191 601.757951 1931.825088 196.392226 181.127208
4538917191 3.369258 390.058304 147.544170 141.438163
4538917191 366.676678 625.139576 147.544170 156.703180
4538917191 531.538869 307.627208 153.650177 150.597173
4538917191 1032.231449 344.263251 144.491166 117.014134
4538917191 595.651943 1153.309187 156.703180 153.650177
4538917191 40.005300 1770.015901 220.816254 214.710247
4538917191 943.694346 713.676678 129.226148 141.438163
4538917191 1203.199647 725.888693 150.597173 141.438163
4538917191 1276.471731 1776.121908 205.551237 202.498233
4538917191 1233.729682 1455.556537 175.021201 168.915194
4538917191 1071.920495 1064.772085 162.809187 159.756184
4538917191 1551.242049 359.528269 135.332155 138.385159
4538917191 1932.867491 359.528269 135.332155 126.173145
4538917191 1645.885159 924.333922 184.180212 184.180212
4538917191 2653.376325 661.775618 150.597173 141.438163
4538917191 2757.178445 1086.143110 178.074205 159.756184
4538917191 3013.630742 304.574205 144.491166 135.332155
4538917191 2677.800353 1977.620141 175.021201 181.127208
4538917191 3117.432862 747.259717 153.650177 150.597173
4538917191 2967.835689 1354.807420 150.597173 138.385159
4538917191 3367.779152 1391.443463 171.968198 144.491166
4538917191 3169.333922 2014.256184 181.127208 184.180212
4538917191 1661.150177 658.722615 110.908127 132.279152
4538917191 3502.111307 2050.892226 214.710247 178.074205
4538917191 3532.641343 939.598940 144.491166 138.385159
4538917191 3468.528269 670.934629 175.021201 156.703180
4573422380 521.000000 298.750000 192.700000 208.900000
4573422380 1322.900000 409.450000 200.800000 187.300000
4906266640 937.500000 775.500000 193.000000 169.000000
4906266640 1865.500000 687.500000 197.000000 213.000000
507521047 333.300000 330.900000 237.400000 244.600000
507521047 722.100000 254.100000 218.200000 238.600000
5082623456 45.746753 115.206021 100.041322 85.892562
5082623456 501.538961 125.312279 88.924439 86.903188
5082623456 1010.894333 225.364227 128.338843 127.328217
5106695994 227.875000 526.875000 214.000000 190.000000
5106695994 605.875000 646.875000 196.000000 187.000000
5106695994 1286.875000 517.875000 199.000000 205.000000
5106695994 1535.875000 544.875000 202.000000 196.000000
5106695994 1949.875000 637.875000 202.000000 190.000000
5106695994 2300.875000 538.875000 199.000000 196.000000
5169701116 392.500000 355.000000 215.500000 227.500000
5169701116 1397.500000 368.500000 211.000000 247.000000
70037463 474.045966 290.556285 214.133208 248.654784
70037463 1014.383677 505.190432 248.654784 244.151970
719902933 300.549939 315.394032 356.644336 371.650426
719902933 728.223508 432.441535 188.576127 214.086480
719902933 1040.350183 490.965286 145.058465 163.065773
